Node 0,Node 1,Node 2,Node 3,Node 4,Node 5,Node 6,Node 7,Node 8,Node 9,Node 10,Node 11,Node 12,Node 13,Node 14,Node 15,Node 16,Node 17,Node 18,Node 19,Node 20,Node 21,Node 22,Node 23,Node 24,Node 25,Node 26,Node 27,Node 28,Node 29,Node 30,Node 31,Node 32,Node 33,Node 34,Node 35,Node 36,Node 37,Node 38,Node 39,Node 40,Node 41,Node 42,Node 43,Node 44,Node 45,Node 46,Node 47,Node 48,Node 49,Node 50,Node 51,Node 52,Node 53,Node 54,Node 55,Node 56,Node 57,Node 58,Node 59,Node 60,Node 61,Node 62,Node 63,Node 64,Node 65,Node 66,Node 67,Node 68,Node 69,Node 70,Node 71,Node 72,Node 73,Node 74,Node 75,Node 76,Node 77,Node 78,Node 79,Node 80,Node 81,Node 82,Node 83,Node 84,Node 85,Node 86,Node 87,Node 88,Node 89,Node 90,Node 91,Node 92,Node 93,Node 94,Node 95,Node 96,Node 97,Node 98,Node 99,Node 100,Node 101,Node 102,Node 103,Node 104,Node 105,Node 106,Node 107,Node 108,Node 109,Node 110,Node 111,Node 112,Node 113,Node 114,Node 115,Node 116,Node 117,Node 118,Node 119,Node 120,Node 121,Node 122,Node 123,Node 124,Node 125,Node 126,Node 127,Node 128,Node 129,Node 130,Node 131,Node 132,Node 133,Node 134,Node 135,Node 136,Node 137,Node 138,Node 139,Node 140,Node 141,Node 142,Node 143,Node 144,Node 145,Node 146,Node 147,Node 148,Node 149,Node 150,Node 151,Node 152,Node 153,Node 154,Node 155,Node 156,Node 157,Node 158,Node 159,Node 160,Node 161,Node 162,Node 163,Node 164,Node 165,Node 166,Node 167,Node 168,Node 169,Node 170,Node 171,Node 172,Node 173,Node 174,Node 175,Node 176,Node 177,Node 178,Node 179,Node 180,Node 181,Node 182,Node 183,Node 184,Node 185,Node 186,Node 187,Node 188,Node 189,Node 190,Node 191,Node 192,Node 193,Node 194,Node 195,Node 196,Node 197,Node 198,Node 199,Node 200,Node 201,Node 202,Node 203,Node 204,Node 205,Node 206,Node 207,Node 208,Node 209,Node 210,Node 211,Node 212,Node 213,Node 214,Node 215,Node 216,Node 217,Node 218,Node 219,Node 220,Node 221,Node 222,Node 223,Node 224,Node 225,Node 226,Node 227,Node 228,Node 229,Node 230,Node 231,Node 232,Node 233,Node 234,Node 235,Node 236,Node 237,Node 238,Node 239,Node 240,Node 241,Node 242,Node 243,Node 244,Node 245,Node 246,Node 247,Node 248,Node 249,Node 250,Node 251,Node 252,Node 253,Node 254,Node 255,Node 256,Node 257,Node 258,Node 259,Node 260,Node 261,Node 262,Node 263,Node 264,Node 265,Node 266,Node 267,Node 268,Node 269,Node 270,Node 271,Node 272,Node 273,Node 274,Node 275,Node 276,Node 277,Node 278,Node 279,Node 280,Node 281,Node 282,Node 283,Node 284,Node 285,Node 286,Node 287,Node 288,Node 289,Node 290,Node 291,Node 292,Node 293,Node 294,Node 295,Node 296,Node 297,Node 298,Node 299,ns since start
0,0,0,0,0,0,0,0,0,0,0,0,0,0,0,0,0,0,0,0,0,0,0,0,0,0,0,0,0,0,0,0,0,0,0,0,0,0,0,0,0,0,0,0,0,0,0,0,0,0,0,0,0,0,0,0,0,0,0,0,0,0,0,0,0,0,0,0,0,0,0,0,0,0,0,0,0,0,0,0,0,0,0,0,0,0,0,0,0,0,0,0,0,0,0,0,0,0,0,0,0,0,0,0,0,0,0,0,0,0,0,0,0,0,0,0,0,0,0,0,0,0,0,0,0,0,0,0,0,0,0,0,0,0,0,0,0,0,0,0,0,0,0,0,0,0,0,0,0,0,0,0,0,0,0,0,0,0,0,0,0,0,0,0,0,0,0,0,0,0,0,0,0,0,0,0,0,0,0,0,0,0,0,0,0,0,0,0,0,0,0,0,0,0,0,0,0,0,0,0,0,0,0,0,0,0,0,0,0,0,0,0,0,0,0,0,0,0,0,0,0,0,0,0,0,0,0,0,0,0,0,0,0,0,0,0,0,0,0,0,0,0,0,0,0,0,0,0,0,0,0,0,0,0,0,0,0,0,0,0,0,0,0,0,0,0,0,0,0,0,0,0,0,0,0,0,0,0,0,0,0,0,0,0,0,0,0,0,0,0,0,0,0,0,0,0,0,0,0,0,369727400
1,0,1,0,0,0,0,0,0,0,0,0,0,0,0,0,0,0,0,0,0,0,0,0,0,0,0,0,0,1,0,0,0,0,0,0,0,0,0,0,0,0,0,0,0,0,0,0,0,0,0,0,0,0,1,0,0,0,0,0,0,0,0,0,0,0,0,0,0,0,0,0,0,0,0,0,1,0,0,0,0,0,0,0,0,0,0,0,0,0,0,0,1,0,1,0,0,0,0,0,0,0,0,0,0,0,0,0,0,0,0,0,0,0,0,0,0,0,0,0,0,0,0,0,0,0,0,0,0,0,0,0,0,0,0,0,0,0,0,0,0,0,0,0,0,0,0,0,0,0,0,0,0,0,0,0,0,0,0,0,0,0,0,0,0,0,0,0,0,0,0,0,0,0,1,0,0,0,0,0,0,0,0,0,0,0,0,0,0,0,0,0,0,0,0,0,0,0,0,0,0,0,0,0,0,0,0,1,0,0,0,0,0,0,0,0,0,0,0,0,0,0,0,0,0,0,0,0,0,0,0,0,0,0,0,0,0,0,0,0,0,0,0,0,0,0,0,0,0,0,0,0,0,0,0,0,0,0,0,0,0,0,0,0,0,0,0,0,0,0,0,0,0,0,0,0,0,0,0,0,0,0,0,0,0,0,0,0,0,0,0,0,0,0,0,0,0,0,0,1,539539500
1,0,1,0,0,0,0,0,0,0,0,0,0,0,0,0,0,0,0,0,0,0,0,0,0,0,0,0,0,1,0,0,0,0,0,0,0,0,0,0,0,0,0,0,0,0,0,0,0,0,0,0,0,0,1,0,0,0,0,0,0,0,0,0,0,0,0,0,0,0,0,0,0,0,0,0,1,0,0,0,0,0,0,0,0,0,0,0,0,0,0,0,1,0,1,0,0,0,0,0,0,0,0,0,0,0,0,0,0,0,0,0,0,0,0,0,0,0,0,0,0,0,0,0,0,0,0,0,0,0,0,0,0,0,0,0,0,0,0,0,0,0,0,0,0,0,0,0,0,0,0,0,0,0,0,0,0,0,0,0,0,0,0,0,0,0,0,0,0,0,0,0,0,0,1,0,0,0,0,0,0,0,0,0,0,0,0,0,0,0,0,0,0,0,0,0,0,0,0,0,0,0,0,0,0,0,0,1,0,0,0,0,0,0,0,0,0,0,0,0,0,0,0,0,0,0,0,0,0,0,0,0,0,0,0,0,0,0,0,0,0,0,0,0,0,0,0,0,0,0,0,0,0,0,0,0,0,0,0,0,0,0,0,0,0,0,0,0,0,0,0,0,0,0,0,0,0,0,0,0,0,0,0,0,0,0,0,0,0,0,0,0,0,0,0,0,0,0,0,1,554570900
1,0,1,1,1,1,0,0,1,0,1,0,0,0,0,0,1,0,1,1,0,0,0,0,0,0,0,1,0,1,1,0,0,0,0,0,1,0,1,0,0,0,1,0,1,1,0,0,0,0,0,0,1,0,1,0,0,0,0,0,0,0,0,0,0,0,0,0,0,1,0,0,0,0,0,1,1,0,0,1,0,0,0,0,0,0,0,0,0,0,0,0,1,0,1,0,0,0,0,0,1,0,1,0,1,1,0,1,0,1,1,1,0,0,1,0,0,1,0,0,0,0,0,0,1,0,1,0,0,0,0,0,0,0,0,0,0,0,0,0,0,0,0,1,0,1,1,1,1,0,0,0,0,0,0,0,0,1,0,1,0,1,0,0,0,0,1,1,0,0,0,0,1,0,1,1,0,0,0,0,0,0,1,0,0,0,0,0,0,0,1,0,1,0,0,0,0,0,0,0,1,0,0,0,0,0,1,1,0,0,0,0,0,0,0,1,0,0,0,1,1,0,0,0,0,0,1,0,0,0,0,0,0,0,0,1,0,1,1,1,1,0,0,0,0,1,1,0,0,1,0,0,1,1,0,1,0,0,1,1,0,1,0,0,0,0,0,1,0,0,0,0,1,1,0,1,0,0,0,0,0,1,0,1,0,1,0,0,1,0,0,0,1,0,0,0,0,0,1,1,658393000
1,1,3,2,1,4,0,0,1,0,2,1,0,0,1,1,3,2,3,3,0,2,2,2,0,2,2,1,0,1,2,3,2,1,1,1,1,0,2,1,2,0,1,2,3,2,2,1,1,1,2,2,1,1,1,0,2,1,1,3,1,1,0,3,0,2,0,1,1,1,1,0,1,3,1,3,1,1,2,1,3,1,1,2,1,2,0,2,0,1,0,0,2,1,1,1,1,2,0,0,1,0,1,0,1,2,2,1,1,1,1,1,0,2,3,0,0,3,1,3,3,1,2,0,1,1,3,3,4,2,0,0,2,2,0,2,2,3,1,2,1,0,1,1,1,3,2,1,1,0,3,1,0,0,0,0,2,3,3,2,2,3,0,2,1,0,1,1,1,0,0,1,2,3,1,1,1,1,1,1,2,1,2,3,0,1,0,2,0,1,1,2,1,0,1,0,0,0,1,2,1,1,3,1,3,0,2,1,1,1,1,1,2,3,3,1,1,0,2,1,1,2,3,0,1,1,2,2,2,0,3,1,2,2,2,2,1,1,1,1,1,2,2,1,1,1,2,2,3,2,1,0,1,2,1,1,0,2,2,3,2,2,1,3,1,0,1,2,2,0,3,2,3,1,2,3,0,0,1,3,2,2,0,2,2,2,1,1,1,2,0,1,2,2,0,3,1,1,1,1,835861800
2,3,3,2,3,5,5,2,1,0,3,3,0,4,1,1,3,3,4,4,3,3,4,3,0,3,2,1,0,2,3,3,3,3,3,2,1,0,2,1,2,3,1,2,3,3,4,3,1,3,3,3,1,1,4,2,2,1,2,3,1,1,0,3,2,4,2,1,3,1,1,1,3,3,1,3,1,3,2,2,4,3,3,2,1,2,3,3,1,1,0,0,3,3,3,2,1,4,0,0,3,3,3,1,3,3,2,1,1,1,1,1,3,3,3,2,1,3,1,3,4,2,3,0,4,1,3,3,4,2,3,0,3,3,2,3,3,3,3,3,3,0,2,1,2,3,2,1,2,2,3,2,3,3,3,1,2,3,3,2,3,3,3,3,1,0,1,1,3,2,1,3,2,4,3,1,3,2,3,2,2,2,4,3,3,1,4,2,0,1,2,4,1,4,4,3,2,0,2,3,5,2,3,3,3,0,3,1,3,4,3,2,2,3,3,3,3,1,2,2,1,3,3,3,3,3,2,2,2,0,3,4,3,3,3,2,1,1,1,1,3,2,3,1,2,1,2,2,3,4,3,3,3,3,2,2,3,2,2,3,2,3,1,3,1,1,1,2,3,1,3,2,3,1,2,4,3,0,3,3,3,2,0,3,3,2,2,1,2,2,3,1,3,3,0,3,5,1,1,2,921992500
2,4,3,3,4,5,5,5,6,5,4,4,3,5,4,4,5,4,5,4,4,4,4,3,5,5,3,1,4,3,3,4,5,4,3,4,2,2,4,3,2,4,1,3,4,4,5,4,5,3,4,4,4,4,5,3,2,5,2,4,5,2,5,4,4,5,4,4,3,5,4,4,4,4,4,3,3,5,3,5,4,3,4,4,4,4,4,3,4,2,5,4,5,4,3,3,4,5,1,3,3,3,4,3,4,5,2,4,4,3,5,4,3,3,4,4,3,5,3,3,4,3,3,3,4,4,3,3,4,4,3,4,4,4,3,3,4,3,3,3,4,2,3,1,5,4,2,4,3,4,3,4,5,4,4,2,5,5,3,5,3,4,4,4,3,1,4,3,3,4,4,4,3,4,5,4,4,3,3,4,4,3,4,5,4,3,4,4,4,1,4,5,4,4,4,3,3,4,4,3,5,3,4,4,4,2,4,3,3,4,5,4,4,4,4,3,4,3,2,2,4,4,5,4,3,4,4,3,5,4,3,4,3,3,4,4,1,4,4,4,4,3,4,6,4,2,5,4,4,5,3,3,3,3,4,3,4,3,2,5,3,4,4,5,4,2,3,5,4,1,4,5,4,4,2,5,4,4,3,4,5,3,4,5,4,4,2,2,4,4,5,5,4,3,1,3,5,2,3,4,1176023600
2,6,6,7,6,7,7,8,9,7,6,4,7,5,4,5,8,7,7,4,8,6,5,6,9,5,5,6,6,5,3,7,8,4,8,8,7,5,6,7,8,6,7,8,5,5,6,8,7,7,8,6,4,7,7,6,3,6,2,5,5,7,5,10,5,9,4,8,7,5,8,6,6,5,9,3,7,8,6,9,4,9,5,7,4,7,4,6,6,3,8,4,9,4,4,3,4,9,6,6,7,6,5,4,8,5,6,4,5,5,8,5,4,3,9,4,4,5,5,3,4,6,5,7,6,6,7,8,7,5,8,5,5,5,5,3,4,6,5,8,5,7,3,7,7,9,6,4,5,7,7,5,5,4,9,9,5,5,7,6,7,10,9,4,6,6,5,4,6,6,4,5,6,9,8,4,4,3,6,7,5,7,9,6,8,5,4,4,4,7,5,5,9,5,8,7,6,8,4,8,8,4,7,8,6,8,5,8,7,6,8,6,7,4,7,6,5,4,5,7,5,6,5,5,9,7,7,4,5,5,8,8,4,3,8,4,7,6,5,8,9,3,7,7,6,6,5,5,4,6,7,7,4,3,4,3,4,5,5,8,5,4,6,9,7,2,8,6,4,7,4,6,7,7,7,5,6,4,4,4,5,7,4,5,7,6,7,7,9,5,8,7,4,8,6,4,5,8,6,7,1487640500
6,6,8,8,6,8,8,8,9,8,6,4,8,5,4,6,8,9,8,4,8,6,7,6,9,6,6,7,8,5,4,7,8,4,9,8,8,7,7,8,8,7,10,8,6,9,7,8,8,8,8,6,4,8,8,6,9,6,3,7,5,8,5,10,5,9,5,9,8,6,8,6,6,6,9,4,7,9,6,9,4,10,5,7,4,7,4,8,7,3,8,4,9,4,9,4,4,9,6,6,8,8,5,4,8,6,6,4,6,6,8,6,4,8,9,4,4,6,5,3,4,7,6,7,7,6,8,9,8,7,9,6,5,6,7,3,4,8,5,9,5,8,3,8,7,9,6,7,5,8,7,5,5,4,10,9,5,5,7,8,8,10,10,4,6,6,5,4,6,7,5,5,8,9,9,4,5,4,6,7,5,7,9,7,9,8,4,4,4,7,5,6,10,6,8,7,7,8,4,8,9,7,7,9,6,8,5,9,7,7,9,7,8,4,7,7,5,4,6,7,6,6,5,6,9,7,7,5,5,6,9,8,4,3,9,4,8,7,5,9,9,3,8,7,6,7,5,6,4,7,7,8,4,3,5,4,5,8,5,9,6,5,10,9,8,3,9,8,5,7,4,7,8,8,8,5,8,8,4,8,6,7,4,5,7,7,8,8,9,6,8,7,4,9,7,4,5,9,7,8,1526516200
11,11,11,8,11,10,9,10,10,8,7,4,8,5,4,7,12,10,14,4,10,10,12,6,12,9,6,11,9,10,11,8,8,7,10,13,10,12,9,8,9,10,10,9,6,10,10,8,8,11,11,10,4,8,8,7,11,6,11,12,8,8,12,11,11,10,5,9,9,12,10,11,7,12,13,11,10,11,10,11,4,10,11,7,5,11,4,11,7,3,9,4,10,5,11,4,9,9,10,6,12,11,10,4,12,6,11,5,11,6,8,11,10,9,9,11,12,6,7,3,11,11,6,11,9,7,10,11,13,12,9,6,5,10,11,3,8,8,11,11,5,8,11,12,11,10,11,8,5,10,8,10,6,9,10,10,5,5,8,10,8,11,11,10,7,13,5,4,10,9,5,5,12,9,12,9,9,11,6,7,6,8,9,10,9,9,10,4,5,11,11,6,10,8,11,11,7,9,5,11,12,10,7,9,6,10,9,9,10,7,9,11,8,4,9,11,5,4,12,7,8,12,11,6,9,12,12,11,6,12,10,8,10,4,9,11,8,7,6,11,12,3,8,11,6,11,10,13,4,7,8,8,4,3,5,10,10,9,13,9,9,5,10,10,12,3,11,9,11,7,4,7,8,13,8,6,13,11,4,11,11,10,4,12,7,12,8,8,11,11,10,10,4,11,11,6,11,9,10,9,1790587900
12,11,11,9,12,11,10,11,11,8,7,4,9,5,4,7,12,11,14,6,11,10,12,7,12,10,6,11,10,11,11,13,8,7,10,13,11,12,10,9,10,11,10,9,7,10,11,11,8,11,12,10,4,9,9,7,11,7,12,12,9,10,12,11,11,11,5,9,10,12,10,11,7,12,13,11,11,11,10,11,4,10,11,8,5,11,4,12,7,4,9,4,10,5,11,4,9,9,11,6,12,11,10,4,12,6,12,5,11,6,8,13,10,9,10,11,12,7,7,4,11,12,6,11,9,7,10,11,13,12,11,6,5,10,11,4,8,9,11,11,5,10,12,13,11,11,11,8,6,10,8,10,6,10,11,11,5,5,8,10,8,12,11,11,8,13,7,13,10,10,7,5,13,10,12,10,10,11,7,8,6,8,9,10,10,9,10,4,5,12,11,6,10,9,12,11,8,9,6,11,12,11,8,10,6,10,9,9,10,8,10,11,9,4,10,11,6,5,12,7,8,12,12,7,9,13,12,11,7,12,10,9,10,4,10,11,8,8,6,12,12,3,8,11,6,12,11,13,5,8,9,9,5,4,5,10,10,9,13,9,9,5,10,10,12,3,11,10,11,7,5,7,8,13,9,7,13,11,4,11,12,10,5,12,8,12,9,9,12,11,11,11,4,11,11,7,11,9,10,12,1811749300
12,11,11,9,12,11,10,11,11,8,16,4,10,13,5,7,15,11,15,6,11,11,13,7,12,10,6,11,13,11,12,13,10,8,12,13,12,12,13,9,10,11,11,10,7,12,11,14,8,11,13,10,6,9,9,13,12,7,13,13,9,14,14,14,11,11,5,9,10,12,13,11,13,15,15,12,11,11,13,12,13,10,12,8,14,11,5,13,7,4,9,4,13,6,11,4,9,9,14,14,12,11,10,13,12,6,12,17,11,6,8,13,10,13,10,11,15,7,8,4,14,12,6,11,15,15,11,12,16,13,12,7,6,16,11,4,12,9,13,12,6,10,12,13,12,12,12,9,6,13,15,14,7,10,11,11,13,5,10,13,8,12,12,12,13,14,7,15,12,11,7,16,16,10,14,11,11,12,7,8,8,9,14,11,10,9,10,4,13,13,11,6,10,9,12,14,8,10,7,16,12,11,8,10,6,10,10,10,10,8,10,11,9,12,10,11,7,5,12,15,8,12,14,11,9,13,12,12,8,13,15,10,10,4,10,11,8,8,6,13,12,3,8,11,6,15,11,13,6,8,9,9,13,4,13,10,10,13,15,9,9,5,11,10,13,3,11,13,12,7,5,7,8,14,9,12,16,12,5,11,12,11,6,12,8,12,9,9,12,11,13,17,4,11,11,7,11,9,11,13,2067033500
12,11,17,9,13,20,10,22,17,9,16,20,20,14,21,19,16,15,16,22,21,12,16,22,12,20,18,17,22,11,12,19,10,17,13,15,14,13,19,9,22,21,12,19,7,20,20,14,8,21,21,11,7,9,10,13,15,14,17,13,21,16,20,15,12,14,5,20,11,14,21,19,15,15,15,12,19,21,14,12,15,19,12,19,21,16,16,16,7,4,9,15,14,18,12,22,10,14,17,14,12,12,11,19,17,21,13,17,16,13,8,17,15,14,10,21,20,7,10,15,15,19,6,11,19,16,11,13,22,15,12,17,17,17,17,4,14,11,14,18,7,22,20,13,13,21,12,15,6,19,19,14,7,15,11,12,14,21,14,15,9,19,16,13,13,22,11,18,16,13,9,16,19,10,15,11,12,12,7,11,12,10,15,14,23,10,22,5,14,16,11,6,18,14,13,19,17,10,14,16,12,11,21,19,7,11,20,19,11,15,10,11,10,19,19,12,7,5,16,16,19,17,19,19,21,14,13,14,12,23,15,15,19,14,17,12,8,14,8,13,12,14,19,21,11,15,12,14,7,8,20,9,13,4,14,21,16,14,16,9,9,6,12,19,21,20,17,21,13,14,15,8,9,22,19,22,16,14,7,17,20,18,17,15,8,12,23,22,17,11,19,19,5,19,21,17,22,21,12,20,2817296400
12,23,17,9,13,21,10,26,30,9,22,24,21,23,26,30,16,15,22,26,25,13,16,24,34,25,22,23,31,12,12,30,11,24,24,25,31,28,22,9,22,23,13,23,8,29,26,18,9,32,26,32,7,9,11,34,33,25,26,15,22,32,25,32,12,35,16,25,32,20,21,34,15,22,16,12,29,26,15,20,18,19,27,27,30,25,29,25,8,5,31,15,28,26,12,23,10,25,20,22,12,12,11,25,28,33,29,18,22,13,9,22,23,14,11,33,21,7,12,30,23,24,7,33,23,16,26,14,33,27,30,24,17,17,25,5,25,11,21,32,28,26,21,23,13,29,12,15,6,25,27,19,8,27,11,17,25,24,22,15,23,19,32,17,13,26,15,23,26,29,24,17,33,10,23,19,26,30,33,22,13,24,27,23,26,24,22,6,27,31,11,6,21,20,13,26,27,10,30,26,26,11,22,29,12,18,22,19,12,29,10,19,32,20,30,12,17,6,16,16,29,17,27,31,26,32,21,23,15,27,34,22,24,16,25,13,9,26,19,17,12,20,26,24,26,15,21,29,8,23,27,10,31,28,30,21,26,24,16,9,27,23,28,31,29,21,33,22,28,24,15,8,27,33,35,34,26,25,21,17,33,24,28,15,8,12,27,29,27,29,19,33,21,34,29,17,23,33,22,26,4014418300
29,24,17,35,22,22,17,26,35,10,22,24,21,24,31,31,32,15,38,26,26,14,17,24,34,25,22,23,31,12,12,32,11,36,26,26,31,28,22,10,22,23,14,23,23,29,26,19,34,33,36,33,7,10,11,35,34,26,26,15,23,36,26,36,12,36,32,36,37,20,21,35,15,22,16,12,35,33,15,20,18,26,28,37,30,28,29,26,8,5,32,15,29,26,13,27,11,34,36,23,12,12,11,25,28,38,30,18,23,13,9,22,24,15,11,35,21,8,29,33,36,34,8,33,23,16,32,14,38,27,30,24,17,17,25,5,25,12,22,32,28,27,32,23,14,35,12,15,20,25,27,19,9,27,11,18,25,32,23,15,23,39,37,32,37,39,16,23,30,30,24,17,33,35,32,19,26,31,33,40,13,24,38,24,37,24,22,7,27,35,11,6,22,20,13,36,28,36,30,26,34,29,22,29,13,37,22,20,12,37,11,24,34,20,35,12,18,7,16,16,30,18,28,31,34,32,24,24,15,36,34,34,25,16,25,13,9,34,19,17,13,20,34,25,26,16,29,33,9,35,30,19,32,29,36,22,29,27,16,10,38,23,29,32,30,22,33,22,29,24,16,22,33,33,35,35,26,25,21,17,38,24,28,15,8,13,28,30,28,35,19,36,22,35,34,17,23,36,37,36,4516122600
29,24,17,35,39,26,40,26,38,10,22,24,21,24,39,31,32,15,38,26,39,40,17,24,34,25,22,23,31,12,45,40,11,38,26,26,31,28,22,10,22,23,14,23,23,29,26,19,43,33,36,33,40,10,41,35,37,26,26,15,37,39,26,36,12,36,32,36,37,20,21,43,15,22,16,34,35,33,15,20,18,26,28,38,30,28,29,26,8,5,32,15,29,27,34,27,36,36,37,23,24,12,11,25,28,42,30,18,23,13,9,22,39,15,11,35,21,8,29,42,37,39,8,33,23,30,32,14,38,36,30,24,39,17,25,5,25,12,22,32,28,40,32,23,14,35,12,15,20,25,27,19,38,27,39,18,25,32,23,15,23,40,37,32,42,39,16,23,36,30,24,17,33,37,32,19,26,31,42,42,13,24,46,24,37,24,22,7,27,35,11,6,38,20,13,42,28,45,30,32,34,29,22,29,14,37,22,20,12,37,35,24,34,26,35,12,18,7,16,16,30,18,28,31,40,32,42,24,15,36,34,34,25,17,25,24,9,38,19,17,26,20,34,25,26,16,29,33,9,35,30,22,32,29,36,22,30,27,16,10,39,23,29,41,30,22,33,22,29,24,16,23,41,33,35,43,26,25,21,17,38,24,28,35,8,35,28,30,28,35,19,38,22,35,39,17,23,38,37,38,4899676600
67,83,36,82,105,57,55,35,58,81,51,68,85,65,99,98,38,79,84,68,69,96,75,60,54,81,90,50,103,72,60,71,95,78,79,78,61,62,59,96,81,72,58,50,75,35,71,82,63,79,44,60,54,15,58,59,77,75,100,55,81,57,45,41,58,62,82,61,60,98,81,51,83,57,75,90,45,97,61,58,77,69,96,64,69,72,72,61,98,98,60,32,46,82,39,34,94,52,44,29,58,19,39,65,65,57,93,38,59,83,84,87,54,96,31,104,47,11,70,96,73,40,85,55,68,94,44,99,96,90,65,74,101,60,92,68,99,28,50,78,58,50,54,60,16,79,57,78,42,26,49,86,50,72,55,56,39,71,51,45,46,42,73,60,57,80,86,98,83,97,91,107,90,77,52,59,77,87,52,42,104,97,62,77,51,76,37,96,65,55,24,15,100,60,83,65,96,91,37,92,67,45,96,38,42,64,59,58,93,95,51,86,94,68,85,40,37,48,90,68,97,91,50,93,46,92,96,79,75,36,70,97,45,47,25,54,40,64,48,97,97,56,34,102,42,48,78,61,47,95,66,50,55,46,46,51,59,94,84,80,50,86,62,89,67,59,65,65,53,68,45,35,56,94,103,83,85,65,21,55,61,59,93,55,93,61,50,76,83,50,51,44,72,85,47,81,77,46,49,61,9844320100
67,83,36,82,105,57,66,35,58,82,51,68,85,65,99,99,39,86,85,68,69,97,75,60,54,81,90,51,103,73,60,71,95,78,79,81,61,62,59,96,81,73,58,51,75,35,71,83,63,79,45,60,54,38,58,59,77,75,101,55,81,57,45,41,58,62,82,61,61,98,82,51,84,57,75,90,45,97,62,58,77,70,96,64,70,72,72,62,98,98,60,33,46,82,39,35,94,52,44,30,58,20,39,65,66,58,93,39,60,84,84,87,54,96,31,104,61,11,70,97,73,41,85,56,69,94,45,99,96,90,65,74,106,60,92,68,100,28,50,78,58,50,54,60,16,79,57,78,42,27,66,86,50,72,55,56,39,79,51,65,46,42,73,60,57,81,86,98,84,97,91,107,92,78,52,59,77,87,52,42,104,97,62,78,52,76,38,96,83,55,24,16,100,61,84,66,96,91,37,93,67,45,96,38,42,64,59,62,93,95,51,86,94,69,85,40,38,48,91,68,97,91,50,93,46,92,96,79,75,36,70,97,45,47,26,55,40,64,48,97,97,56,34,102,42,48,78,62,47,95,66,51,55,46,46,51,59,94,84,80,50,86,63,89,68,59,65,65,53,69,46,35,68,94,103,83,85,65,21,55,61,59,93,55,93,61,50,76,84,50,51,45,72,85,48,82,77,46,49,61,9902510300
67,83,55,85,105,57,66,54,79,82,51,75,95,65,99,103,48,86,85,68,69,97,75,60,54,81,90,80,104,76,60,76,95,78,79,81,61,62,59,96,89,88,64,51,75,35,74,83,63,79,47,60,54,49,58,59,85,75,101,77,82,57,68,41,59,62,82,67,61,98,82,61,84,57,75,90,45,103,62,58,93,70,98,64,70,93,72,62,98,98,60,55,46,82,39,35,94,109,44,30,58,20,39,65,66,58,96,61,60,84,84,87,54,100,58,104,81,11,70,97,73,41,87,56,77,94,45,99,96,95,85,74,106,67,92,68,100,28,50,78,58,52,77,60,16,79,57,78,87,27,67,99,50,72,63,56,39,93,51,67,46,42,87,60,57,81,86,98,106,97,91,107,94,78,52,64,84,87,52,50,104,102,88,78,52,76,38,96,83,55,59,16,111,61,84,83,96,96,38,93,67,57,96,81,72,64,62,69,93,95,51,100,94,70,85,56,38,50,91,68,97,91,51,93,46,92,96,79,75,36,70,97,45,47,45,55,40,64,48,98,97,56,34,103,42,48,78,62,47,95,66,62,55,46,46,51,72,100,98,80,50,86,89,89,68,59,65,65,76,77,50,66,69,94,103,83,85,66,21,55,61,59,94,55,93,61,74,76,84,64,53,45,72,85,55,82,77,46,79,104,10328632600
88,115,56,85,105,72,85,54,79,103,79,76,104,65,109,103,48,87,95,78,70,115,88,61,54,81,90,81,104,82,61,77,95,78,104,107,103,62,95,97,89,89,100,70,92,35,74,94,95,96,52,60,78,49,72,84,95,75,105,77,82,57,69,41,86,62,115,67,61,106,83,62,84,57,76,99,56,104,107,58,107,74,98,64,71,94,98,62,108,98,60,88,46,100,43,35,95,109,65,30,58,20,39,74,66,59,96,61,60,86,93,87,54,100,62,110,82,12,90,97,89,42,89,56,77,107,45,99,104,95,98,90,106,67,104,68,107,29,50,78,58,52,77,60,16,92,69,78,90,27,89,100,50,97,63,56,51,94,52,103,62,77,87,60,57,88,86,110,107,97,112,111,98,78,52,95,84,87,52,51,104,102,106,89,52,77,51,109,83,55,60,56,111,61,100,108,96,98,52,101,83,57,101,98,72,64,84,70,98,95,57,101,95,70,98,89,38,50,109,68,97,98,67,93,51,92,97,99,75,83,107,97,77,56,45,56,40,96,117,98,97,56,34,103,53,49,98,69,47,104,66,62,55,53,64,57,72,100,98,80,50,93,89,89,69,91,65,88,76,102,50,66,82,95,114,87,86,67,21,56,85,60,94,67,93,61,74,76,84,64,80,46,74,85,55,82,78,47,86,109,11286790800
88,115,56,85,105,72,85,54,79,115,79,76,104,65,120,103,48,109,95,78,70,115,88,61,54,81,90,81,124,82,61,77,95,78,104,107,103,62,95,105,89,107,100,70,92,35,95,94,95,96,52,60,78,49,112,125,95,75,105,85,82,57,69,41,86,62,115,67,61,106,83,62,84,57,76,99,56,104,107,58,117,74,98,64,71,94,98,62,119,98,60,88,46,100,43,35,95,126,65,30,58,20,39,74,66,59,123,61,60,86,93,87,54,100,62,110,82,12,90,97,89,42,89,56,77,107,45,99,104,95,98,90,115,67,116,68,120,29,50,78,58,52,77,60,16,92,69,86,90,27,89,100,50,97,63,56,51,94,52,103,62,77,103,60,57,88,86,110,107,101,112,111,98,78,52,95,84,87,52,51,104,102,106,89,52,92,51,109,122,55,60,56,111,61,100,108,122,98,52,101,83,57,101,98,72,64,84,70,114,95,57,117,95,70,98,89,38,50,109,68,110,98,67,93,51,92,98,99,75,83,107,97,77,56,45,56,40,96,120,98,97,56,34,103,53,49,98,69,47,104,66,62,115,53,64,57,72,113,118,80,50,93,89,89,69,91,65,88,76,102,50,66,82,95,120,87,86,67,21,56,85,60,108,121,93,61,74,76,84,64,80,46,74,85,55,82,111,47,86,109,11620819600
88,115,56,85,105,72,85,54,79,117,79,76,104,65,120,103,48,109,95,78,70,115,88,61,54,81,90,81,124,82,61,77,98,78,104,107,103,62,95,108,89,107,100,70,92,35,95,94,95,96,52,60,78,49,119,125,95,75,105,85,82,57,69,41,86,62,115,67,61,106,83,62,84,57,76,99,56,104,107,58,117,74,98,64,71,94,98,62,119,98,60,88,46,100,43,35,95,126,65,30,58,20,39,74,66,59,123,61,60,86,93,87,54,100,62,110,82,12,90,97,89,42,89,56,77,107,45,99,104,95,98,90,115,67,116,68,120,29,50,78,58,52,77,60,16,92,69,86,90,27,89,100,50,97,63,56,51,94,52,103,62,77,104,60,57,88,86,110,107,101,112,111,98,78,52,95,84,87,52,51,104,102,106,89,52,92,51,109,122,55,60,56,111,61,100,108,122,98,52,101,83,57,101,98,72,64,84,70,114,95,57,117,95,70,98,89,38,50,109,68,110,98,67,93,51,92,103,99,75,83,107,97,77,56,45,56,40,96,120,98,97,56,34,103,53,49,98,69,47,104,66,62,115,53,64,57,72,113,118,80,50,93,89,89,69,91,65,88,76,102,50,66,82,95,120,87,86,67,21,56,85,60,108,121,93,61,74,76,84,64,80,46,74,85,55,82,111,47,86,109,11637851900
88,115,56,85,105,72,85,54,79,117,79,76,118,65,122,103,57,109,95,78,70,115,88,61,54,81,90,117,124,82,61,77,99,78,104,107,103,62,95,108,89,112,100,70,92,35,95,94,95,96,52,60,78,49,119,125,95,75,105,85,82,57,69,41,86,62,115,67,61,106,83,62,84,57,76,99,56,126,107,58,122,74,98,64,71,94,98,62,119,98,60,88,46,100,43,35,95,126,65,30,58,20,39,74,66,59,123,61,60,86,93,87,54,100,62,110,82,12,90,97,89,42,89,73,81,107,45,99,104,95,98,90,122,67,120,68,120,29,50,78,58,52,77,60,16,92,69,111,90,27,89,100,50,97,63,56,51,94,52,103,62,77,104,60,57,88,86,110,107,101,112,111,98,78,52,95,84,87,52,57,104,102,106,89,52,96,51,109,122,55,60,56,111,61,100,108,125,98,52,101,83,63,101,98,72,64,84,70,128,95,57,125,95,70,98,89,38,50,109,68,120,98,67,93,51,92,111,99,75,83,107,97,77,56,45,56,40,96,120,98,97,56,34,103,53,49,98,69,47,104,66,62,119,53,64,57,72,113,118,80,50,93,95,89,69,91,65,88,76,102,50,66,82,95,124,87,86,67,21,56,85,60,123,121,93,61,74,76,84,108,80,46,74,85,74,82,111,47,86,109,11774663800
88,115,56,85,105,72,85,54,117,119,79,76,118,65,123,112,57,109,95,78,70,115,88,61,54,81,90,117,124,82,61,77,99,79,104,107,103,117,95,108,89,112,100,70,92,35,95,94,95,96,52,72,78,49,119,126,95,105,105,86,134,64,112,41,86,62,115,67,61,106,83,80,84,65,76,99,56,126,107,58,122,74,98,64,81,94,98,62,120,106,60,88,46,100,43,35,108,126,65,30,58,20,39,74,66,61,123,63,98,86,93,90,59,109,62,110,90,12,90,97,89,42,89,99,82,107,58,114,104,130,98,90,122,67,121,68,123,29,50,78,80,52,77,78,16,92,69,112,90,63,89,100,90,97,63,80,51,94,52,111,109,77,104,81,84,88,98,110,107,101,112,111,98,78,52,95,84,111,52,62,104,102,106,89,52,96,51,118,122,55,60,56,111,64,100,108,125,98,52,101,83,64,101,98,86,64,84,70,130,95,58,125,95,70,98,89,49,50,118,68,120,98,67,93,52,92,111,99,102,83,107,114,77,56,45,56,47,113,120,101,99,57,34,103,53,49,98,87,47,104,66,62,119,53,64,57,72,113,119,101,50,93,95,102,69,91,65,88,93,102,50,83,82,103,124,87,93,67,22,87,85,66,124,121,93,62,74,88,84,108,80,56,75,86,77,82,111,47,86,110,12241011100
88,116,56,101,110,77,87,54,117,120,80,96,118,65,125,113,57,109,96,106,71,116,88,61,80,81,90,118,125,83,62,89,99,79,110,112,103,124,95,108,99,112,101,87,93,36,95,94,96,96,69,72,110,67,120,134,95,105,105,86,134,75,112,41,86,63,130,67,61,107,84,80,84,66,76,99,56,126,111,62,122,74,99,65,81,96,98,62,120,107,61,89,47,100,43,35,108,127,66,31,59,37,39,74,66,62,123,67,98,103,93,91,59,112,120,110,90,66,92,97,104,47,99,100,82,107,66,115,106,130,100,91,122,75,122,68,123,30,51,78,80,64,77,78,17,92,70,112,90,73,89,100,105,111,63,81,65,95,52,111,109,77,106,81,84,90,107,112,122,101,112,111,98,78,52,95,84,111,52,62,104,118,106,89,52,96,110,122,123,55,60,56,123,68,101,108,125,98,73,102,92,64,102,98,87,64,85,82,135,95,70,125,95,110,103,94,89,71,139,68,120,98,87,93,70,92,111,100,102,83,114,114,77,96,45,56,47,113,120,105,100,57,37,112,53,50,98,114,48,104,66,62,119,54,67,59,72,113,120,101,50,103,96,102,69,91,65,89,115,103,50,89,94,103,124,87,93,68,23,87,104,117,130,124,94,63,80,88,85,108,80,56,75,86,77,82,111,47,108,111,12981396500
88,116,56,101,110,77,87,54,117,120,80,99,118,65,125,113,57,109,96,107,71,116,88,61,80,81,90,118,125,83,62,89,99,79,110,112,103,124,95,108,99,116,101,88,93,36,95,94,96,96,69,72,110,67,120,134,95,105,105,86,134,96,112,41,86,63,130,67,61,107,84,80,84,66,76,99,56,126,112,62,122,74,99,65,81,96,98,62,120,107,61,89,47,100,43,35,108,127,66,31,59,37,39,74,66,62,123,67,98,103,93,119,59,112,120,110,90,66,92,97,104,47,99,100,82,107,66,115,106,130,100,91,122,75,122,68,123,30,51,78,80,64,77,78,17,92,78,112,90,73,89,100,105,111,63,81,65,95,52,111,109,77,106,81,84,90,107,112,122,101,112,111,98,78,52,128,84,112,58,62,104,118,106,89,52,96,110,122,123,55,61,56,123,69,101,108,125,98,73,102,92,64,102,98,87,64,85,82,135,95,70,125,95,111,103,94,89,71,139,68,120,98,87,93,70,92,111,100,102,83,114,114,77,96,45,56,47,113,120,105,100,57,37,112,121,50,98,114,48,104,66,62,119,54,67,59,72,113,120,101,50,103,96,102,69,91,65,89,115,103,50,89,94,103,124,87,93,68,23,87,109,117,130,124,94,63,80,107,85,108,80,56,75,86,77,82,111,47,111,111,13075864300
88,116,104,101,110,77,100,104,117,139,80,130,121,65,125,113,83,109,142,107,71,116,110,61,80,81,90,127,126,83,62,89,99,79,110,112,103,130,95,133,99,126,101,88,93,38,96,94,115,103,69,115,110,67,133,147,106,109,105,105,143,121,146,41,144,72,133,67,61,107,84,115,84,66,76,118,90,145,112,62,122,74,99,65,81,96,98,62,134,107,61,89,65,125,43,35,115,136,66,31,59,51,39,74,66,65,130,67,98,103,93,136,59,112,132,110,107,66,93,97,104,47,99,103,103,107,66,115,106,130,114,108,143,75,127,100,128,30,51,78,80,93,77,136,17,99,130,138,90,73,89,120,105,111,63,139,65,95,52,111,109,92,116,81,134,90,133,112,122,122,112,127,98,78,52,136,84,115,131,98,127,119,106,110,52,103,110,124,123,55,118,69,123,69,101,108,137,106,73,102,111,88,102,131,111,64,85,91,148,95,70,125,96,111,103,94,100,136,141,86,120,104,98,93,70,118,111,150,102,83,114,115,77,96,45,56,47,113,128,105,100,57,55,112,126,50,98,114,64,104,84,62,119,54,99,59,72,136,124,115,81,113,115,102,69,111,65,89,115,131,50,89,94,106,124,87,93,68,40,87,109,117,130,136,95,75,109,119,85,118,80,56,75,86,137,82,114,47,111,111,14009656100
93,140,107,101,110,150,104,158,160,163,94,137,122,70,134,148,99,116,142,107,110,150,166,62,95,128,125,127,126,83,88,89,120,108,118,112,112,146,98,134,106,130,101,88,131,103,96,113,126,117,81,119,110,123,144,150,119,109,107,113,152,142,147,55,144,77,155,67,142,121,113,126,119,66,93,125,96,146,112,77,125,87,116,93,82,122,118,80,157,123,116,123,77,131,43,107,117,143,78,31,59,51,84,89,78,85,131,83,108,136,103,136,72,113,139,132,108,120,99,109,146,48,115,110,104,119,111,120,129,140,119,119,158,93,136,108,137,109,51,102,96,94,83,140,17,116,135,142,123,73,100,144,118,118,64,140,72,114,52,116,141,93,140,93,152,106,165,135,143,125,126,145,109,105,63,137,119,123,131,99,127,136,121,111,110,139,111,125,131,70,119,93,126,100,119,126,140,106,86,108,112,111,106,132,119,85,145,105,166,135,85,132,97,111,111,105,100,153,142,107,122,152,98,108,101,119,129,166,132,108,127,131,113,127,49,94,68,116,129,114,106,91,61,129,142,88,99,115,101,118,84,68,147,55,160,88,109,152,128,120,94,129,123,120,118,123,107,107,117,144,124,90,109,121,131,106,150,92,48,96,109,134,165,160,135,100,160,120,101,123,114,57,79,86,146,107,122,77,111,141,16950345800
93,140,107,105,110,159,104,158,160,163,105,137,122,70,134,148,99,117,142,107,110,150,166,62,95,128,125,127,126,109,88,89,120,108,118,138,130,146,98,134,110,130,101,88,132,103,96,114,126,117,81,119,110,123,144,150,119,109,107,113,169,143,147,55,144,103,160,67,142,121,113,126,119,67,93,125,96,146,112,77,125,109,116,93,82,134,118,80,157,146,116,123,77,131,43,107,117,143,105,31,59,51,97,126,79,103,131,93,108,143,104,136,72,118,139,133,108,120,99,109,146,53,115,110,104,126,111,120,129,164,119,119,172,93,136,108,137,109,51,103,96,94,83,140,17,116,141,142,123,87,100,144,118,118,64,141,73,114,52,116,142,93,140,93,153,106,171,135,150,125,126,145,123,127,75,137,119,124,131,100,127,136,121,112,110,139,111,125,131,70,119,93,126,100,119,141,140,106,86,108,112,112,106,132,119,86,145,105,167,135,85,132,97,115,111,105,100,153,142,107,122,152,99,108,101,119,131,167,132,108,127,143,117,128,50,94,70,117,129,114,106,95,62,142,143,88,99,115,120,118,84,68,152,85,160,103,109,166,128,121,95,129,123,121,118,124,107,107,118,147,124,90,119,121,131,107,151,93,49,96,109,134,165,165,136,100,165,121,101,123,114,57,79,91,150,107,123,77,125,141,17245705500
93,140,107,106,111,159,104,158,160,163,105,138,122,70,134,149,99,117,142,107,110,150,166,62,95,129,125,127,127,109,88,90,120,108,119,138,130,146,98,134,110,130,101,88,133,103,97,114,126,117,82,119,111,123,144,150,119,109,108,113,169,143,147,55,144,104,161,67,142,121,113,126,119,67,93,125,96,146,112,77,125,109,116,93,82,134,118,80,157,146,117,123,77,131,44,107,129,143,105,31,59,51,97,126,80,103,131,94,109,143,104,136,72,119,139,133,108,120,99,110,146,53,115,111,104,126,112,120,129,164,119,119,172,93,137,108,137,109,52,103,97,94,84,140,18,116,142,142,123,88,100,144,118,118,64,141,73,114,52,116,142,94,140,93,154,106,172,135,150,126,126,145,123,128,75,137,119,124,131,101,127,136,121,112,110,139,111,125,131,70,119,93,126,100,126,141,142,107,86,108,112,112,106,132,119,86,146,105,168,135,89,132,98,115,111,105,100,154,142,107,122,153,99,109,102,120,131,168,132,108,127,143,117,128,50,95,73,118,129,114,106,95,62,143,143,88,99,115,120,118,84,68,152,85,160,104,109,167,129,121,95,129,123,121,118,125,107,107,118,147,124,90,119,121,131,107,151,93,50,96,110,135,166,165,136,100,165,121,101,123,114,57,79,91,150,107,123,77,125,141,17324226200
93,140,108,106,111,160,104,169,161,164,106,160,123,70,134,149,100,118,142,112,110,150,166,62,96,130,165,127,128,110,89,90,120,108,120,138,131,155,102,135,149,130,131,88,134,117,97,114,130,117,88,119,112,123,145,161,119,109,108,113,169,171,147,56,144,111,162,68,142,121,114,142,119,67,175,125,99,146,112,77,125,109,121,93,82,135,147,80,172,147,118,123,78,131,45,107,129,153,105,32,59,51,98,126,90,116,131,94,109,143,109,137,72,120,139,133,124,121,100,110,146,54,115,111,138,141,112,121,129,164,119,119,172,93,137,108,137,109,52,118,97,94,85,157,19,116,142,142,123,88,100,144,118,118,65,141,74,125,52,116,142,95,140,93,154,106,172,135,151,127,142,145,124,128,75,137,121,124,131,101,127,137,121,113,110,141,111,126,131,102,122,93,126,115,130,141,142,107,86,109,112,112,106,132,119,87,146,105,168,135,108,152,108,115,111,105,136,154,143,107,145,154,100,109,102,121,131,172,132,109,127,143,138,129,50,96,73,118,129,117,106,97,63,143,143,88,125,116,120,118,84,69,162,85,161,105,113,168,138,121,121,130,127,122,118,132,114,108,118,147,124,90,119,122,131,107,151,94,51,96,110,136,166,165,136,111,170,122,102,123,114,57,79,92,151,107,123,92,127,142,17706025700
93,140,108,106,111,160,104,169,161,164,106,160,123,70,134,149,100,118,142,112,110,150,166,62,96,130,165,127,128,110,89,90,120,108,120,138,131,155,102,135,149,130,131,88,134,117,97,114,130,117,88,119,112,123,145,161,119,109,108,113,169,171,147,56,144,111,162,68,142,121,114,142,119,67,175,125,99,146,112,77,125,109,121,93,82,135,147,80,172,147,118,123,78,131,45,107,129,153,105,32,59,51,98,126,90,116,131,94,109,143,109,137,72,120,139,133,124,121,100,110,146,54,115,111,138,141,112,121,129,164,119,119,172,93,137,108,137,109,52,118,97,94,85,157,19,116,142,142,123,88,100,144,118,118,65,141,74,125,52,116,142,95,140,93,154,106,172,135,151,127,142,145,124,128,75,137,121,124,131,101,127,137,121,113,110,141,111,126,131,102,122,93,126,115,130,141,142,107,86,109,112,112,106,132,119,87,146,105,168,135,108,152,108,115,111,105,136,154,143,107,145,154,100,109,102,121,131,172,132,109,127,143,138,129,50,96,73,118,129,117,106,97,63,143,143,88,125,116,120,118,84,69,162,85,161,105,113,168,138,121,121,130,127,122,118,132,114,108,118,147,124,90,119,122,131,107,151,94,51,96,110,136,166,165,136,111,170,122,102,123,114,57,79,92,151,107,123,92,127,142,17707668300
93,140,108,106,111,160,104,169,161,164,106,160,123,70,134,149,100,118,142,116,110,150,166,62,96,130,165,127,128,110,89,93,120,108,120,142,131,155,117,135,155,130,131,88,134,117,97,114,130,128,88,119,112,123,145,161,119,109,108,113,169,171,147,56,144,111,162,68,142,121,114,142,119,67,175,125,100,146,112,77,125,109,121,93,82,135,147,80,172,152,118,123,78,131,45,107,150,153,105,32,59,51,98,126,95,116,131,94,109,144,109,137,73,121,139,133,124,121,100,110,147,54,115,111,138,141,112,121,129,164,143,119,172,93,137,108,137,109,52,118,97,94,85,157,19,116,142,142,123,88,100,144,118,118,65,142,74,125,52,116,143,95,140,93,154,106,172,136,151,127,142,145,124,141,75,137,121,125,131,101,127,137,121,113,110,141,111,126,131,103,122,93,126,116,130,141,142,107,86,109,112,113,106,132,119,88,146,105,168,135,109,152,109,115,112,105,143,154,143,107,152,154,100,109,102,121,137,172,132,122,127,143,138,150,51,96,73,118,129,117,106,99,63,152,143,89,125,116,120,118,84,69,163,85,162,105,113,169,138,121,121,130,127,122,118,132,114,108,118,147,125,90,119,122,131,107,151,94,51,96,110,136,166,166,136,111,170,122,102,124,114,57,79,92,151,107,123,93,127,142,17881431100
93,146,109,106,112,160,105,183,161,164,106,171,142,70,135,150,104,118,151,120,110,151,176,75,96,130,169,127,131,128,90,124,120,108,121,142,144,155,138,135,163,158,131,88,134,117,97,114,130,128,88,122,150,123,145,161,119,109,108,113,169,175,147,57,144,112,163,68,149,124,115,142,119,97,175,126,100,146,124,78,130,148,121,93,82,136,148,80,172,152,118,137,78,131,51,109,151,153,107,33,77,51,99,127,97,116,131,95,110,144,109,164,91,121,154,133,124,121,100,111,153,54,126,111,147,148,112,127,129,164,143,120,173,107,137,108,160,109,52,129,97,94,90,157,38,126,164,152,130,88,100,144,147,119,66,142,88,136,72,116,143,95,145,93,154,106,181,136,151,128,142,145,124,145,76,137,121,125,154,111,127,138,121,113,115,141,123,127,131,103,122,93,126,116,130,141,142,107,86,109,123,113,106,136,119,113,153,106,177,135,109,152,109,115,112,105,154,154,143,107,170,168,100,109,105,121,155,173,164,122,127,143,146,161,61,102,73,119,129,125,106,99,64,155,143,89,125,122,120,119,88,92,163,99,162,105,113,169,151,122,121,130,128,122,118,132,114,108,119,147,125,109,119,135,131,114,174,98,83,96,110,154,166,166,136,118,171,137,102,157,123,65,79,92,151,114,123,100,127,143,18684794000
121,169,159,107,116,161,105,183,161,164,108,171,142,70,135,150,112,118,151,121,116,151,178,75,96,137,173,127,131,141,90,125,120,108,121,178,158,164,138,135,171,164,170,88,134,124,100,149,136,128,88,141,150,127,145,161,119,109,108,113,172,175,147,58,144,112,163,90,150,140,121,142,119,98,176,160,100,146,130,79,136,148,121,123,108,136,148,106,172,155,133,138,78,131,51,109,151,165,107,61,105,51,109,140,131,136,131,95,118,145,127,164,95,158,174,139,137,121,100,177,153,55,126,111,154,162,112,127,129,164,151,120,173,107,137,108,160,109,52,139,97,111,90,157,73,141,164,153,131,100,115,154,147,120,66,142,92,145,72,116,143,95,145,104,161,107,181,136,151,128,142,146,125,151,76,137,122,125,156,111,138,138,121,113,115,141,123,127,133,103,122,93,126,116,130,141,142,107,86,109,168,113,106,156,124,114,154,106,177,135,109,152,109,115,112,105,154,171,143,107,177,171,100,109,105,129,155,173,164,122,175,160,146,178,61,106,73,119,129,125,106,99,64,155,143,90,125,122,120,119,88,92,163,116,162,105,114,186,151,123,121,147,128,122,127,134,114,113,119,147,139,117,119,135,131,115,174,98,110,96,110,159,166,166,138,120,171,139,108,157,127,77,108,92,151,116,165,106,127,143,19592074500
121,169,159,107,116,161,105,183,161,164,108,171,142,70,135,150,112,118,151,121,116,151,178,75,96,161,173,140,131,141,90,125,120,108,121,178,158,164,155,135,171,164,170,88,134,124,100,149,136,128,88,141,150,127,155,161,119,109,108,113,172,175,147,58,144,112,163,90,150,140,121,142,119,98,176,160,100,146,130,79,136,148,121,123,108,136,148,106,172,155,156,138,78,131,63,109,151,165,107,61,105,51,109,140,131,136,131,95,118,145,127,164,95,158,174,139,137,121,100,177,153,55,126,111,154,162,112,127,129,164,151,120,173,107,137,108,160,109,52,139,97,111,108,157,73,141,164,153,131,100,115,154,147,120,66,142,92,145,72,116,143,95,145,104,161,107,186,136,151,128,142,146,125,151,76,137,122,125,156,111,138,138,121,113,115,141,123,127,133,103,122,93,126,116,130,141,142,107,86,109,168,113,106,156,124,114,154,106,177,135,109,152,109,115,112,105,154,171,143,107,177,171,100,109,105,129,155,173,164,122,175,187,146,178,61,106,73,119,129,125,106,99,64,155,143,90,125,122,120,119,88,92,163,116,162,105,114,186,151,123,121,147,128,122,127,134,114,113,119,147,139,117,119,135,131,115,174,98,110,96,110,159,166,166,138,120,171,139,108,157,127,77,108,92,151,116,165,106,127,143,19695482900
121,169,159,107,116,161,105,183,161,164,108,171,142,70,135,151,112,118,151,121,129,186,178,76,97,161,173,140,131,142,91,125,121,108,121,179,158,164,176,136,171,164,170,88,135,124,100,149,136,129,90,142,150,127,156,174,119,109,109,113,172,176,147,59,144,112,164,91,150,140,121,143,119,98,177,160,100,146,130,79,137,152,121,123,109,162,149,106,172,155,156,138,78,132,63,109,151,166,108,62,106,51,109,140,131,136,131,95,118,146,127,164,95,159,174,139,137,121,100,178,154,55,126,111,155,162,112,127,129,173,151,130,173,107,148,108,160,109,53,140,97,111,108,158,73,141,164,153,132,100,115,155,147,120,67,149,92,145,73,116,143,96,145,104,161,107,186,136,153,129,143,146,125,152,77,138,122,125,156,111,138,138,121,122,116,142,123,127,133,103,122,94,126,116,130,142,142,107,86,109,169,114,107,156,125,114,154,106,178,135,109,152,110,115,112,105,155,171,143,107,178,172,100,126,105,129,155,173,164,122,176,187,158,179,61,106,73,119,129,125,107,99,64,155,144,91,126,122,120,120,88,92,164,116,163,106,114,186,151,124,121,148,128,125,127,134,114,113,123,147,140,117,119,135,132,115,174,98,110,96,110,159,167,167,139,120,171,140,108,157,128,77,109,92,151,117,165,107,127,143,19814564000
153,174,159,124,139,172,120,185,162,187,108,188,142,85,139,173,126,144,158,136,129,194,178,76,98,179,173,143,150,142,91,139,121,108,122,179,179,164,180,136,180,175,170,109,152,141,107,149,138,168,91,142,151,150,165,175,129,109,115,119,189,181,172,69,144,112,164,91,187,147,121,164,131,125,190,164,104,146,130,91,140,152,131,161,109,177,158,115,180,165,157,165,87,144,64,167,153,166,110,97,106,51,109,140,138,136,132,102,118,151,127,174,116,165,174,150,137,160,129,181,154,55,136,111,156,162,112,137,129,173,151,133,182,135,153,144,175,124,83,140,115,166,114,158,115,141,164,168,186,130,115,187,147,120,67,149,92,197,80,116,174,114,188,104,161,122,189,136,153,129,151,172,125,152,138,138,122,127,156,111,157,138,121,122,143,151,124,128,139,107,141,94,146,118,146,142,158,124,86,152,169,114,107,156,160,115,154,108,178,135,116,153,110,173,136,105,156,176,171,112,178,179,107,130,105,129,178,187,197,122,176,189,162,179,61,143,106,119,155,128,109,99,64,155,144,103,129,132,120,120,116,92,164,116,175,109,135,188,151,129,137,148,191,141,127,134,114,113,127,155,140,117,154,165,132,117,181,126,110,96,123,159,167,184,158,120,180,140,108,157,159,126,109,109,151,117,165,107,127,157,21716997000
177,175,160,124,139,172,120,185,162,187,109,188,142,85,139,173,126,145,158,137,144,194,178,76,98,180,192,143,150,143,91,139,135,109,122,179,180,164,180,136,180,176,170,109,152,141,108,149,139,168,92,142,151,150,165,175,129,110,116,120,189,181,172,70,144,112,164,92,187,149,121,165,131,125,190,178,104,146,130,91,140,152,131,161,109,177,159,115,180,165,157,165,87,145,67,167,153,166,111,98,107,51,109,140,138,136,132,103,118,151,128,174,117,165,174,150,137,161,130,181,155,55,137,112,156,162,112,137,130,173,151,134,182,136,153,144,186,125,84,141,115,166,115,158,115,141,165,169,186,130,115,187,147,120,68,150,92,197,80,116,174,114,188,104,161,123,192,136,154,129,152,172,126,152,138,138,123,127,156,111,163,138,121,123,143,151,154,128,139,124,164,94,146,118,146,142,159,124,87,152,170,115,107,157,160,115,155,108,179,135,116,153,110,173,136,106,156,176,172,112,178,179,107,130,105,130,178,187,199,122,176,190,162,179,61,143,107,120,156,128,110,99,64,155,144,104,129,132,120,120,117,92,164,116,175,109,135,188,151,129,137,148,191,141,127,134,114,113,127,155,140,118,155,165,132,117,181,126,110,96,123,159,167,184,158,120,181,140,108,157,159,126,109,109,151,117,165,108,127,157,21862660300
177,175,160,124,139,172,120,185,162,187,109,188,142,94,139,173,126,148,158,137,170,194,178,76,98,180,192,143,150,143,91,139,141,109,122,179,180,164,180,136,180,176,170,109,152,141,108,149,139,168,92,142,151,150,165,175,144,112,116,120,189,181,172,70,144,120,185,92,187,149,121,171,131,125,190,178,104,146,130,91,140,152,131,161,109,177,159,115,180,165,157,165,87,145,67,167,153,166,111,98,107,51,109,140,138,136,132,103,118,151,128,174,117,165,174,150,137,161,130,181,155,55,137,112,156,162,112,137,130,173,151,134,182,136,153,144,186,132,84,141,115,166,115,158,115,141,165,169,186,130,115,187,147,120,68,150,92,197,80,116,181,114,188,104,161,123,192,142,154,129,152,172,126,152,138,138,123,127,156,111,163,138,121,123,143,151,154,128,139,138,173,94,146,118,146,142,159,124,87,152,170,115,107,157,160,115,155,108,179,135,116,153,110,173,136,113,156,176,172,112,178,179,107,130,105,130,178,187,203,122,176,190,162,179,61,143,107,120,156,128,110,121,64,155,144,104,129,132,120,120,117,92,164,116,177,109,135,188,151,172,137,148,191,141,127,134,114,113,127,155,140,118,155,165,132,117,181,126,110,96,124,159,167,184,158,120,181,140,108,157,159,126,109,109,151,120,165,108,127,157,21985578600
177,175,160,129,139,172,120,185,162,191,109,188,142,114,139,173,126,150,158,137,170,195,178,89,110,180,192,143,150,147,91,149,142,109,122,179,193,169,180,179,181,176,170,110,152,141,108,186,139,178,92,142,151,151,165,196,161,125,116,120,189,192,178,70,151,120,192,92,198,151,130,171,134,128,190,179,105,164,142,101,152,156,145,161,109,178,159,115,181,193,172,165,87,191,67,167,163,176,111,98,108,77,116,140,138,151,138,171,118,169,152,185,118,176,174,155,137,190,140,181,185,55,137,112,172,165,144,137,130,174,179,135,183,139,160,144,187,133,118,153,117,166,115,160,130,141,170,180,194,140,117,197,159,145,81,150,114,198,80,124,190,114,199,111,162,124,192,143,155,142,184,198,144,153,138,144,128,127,169,125,163,138,129,123,151,162,154,128,140,139,174,95,166,123,157,145,159,124,88,152,189,115,107,173,160,154,155,108,179,135,116,153,124,173,136,113,157,176,172,113,188,179,107,133,122,130,200,189,203,123,187,191,162,180,61,161,107,120,156,128,140,141,65,155,144,104,145,135,120,120,134,92,164,123,177,117,146,206,151,222,137,161,200,161,181,147,172,113,127,155,150,123,155,174,132,119,194,126,110,96,124,193,167,208,179,132,190,141,112,157,166,126,126,114,152,120,165,108,135,161,22971682700
177,175,160,129,139,172,120,186,162,191,109,188,142,114,139,173,126,150,158,137,170,195,178,90,110,180,192,143,150,147,91,149,142,109,123,180,193,169,181,179,181,176,170,111,152,141,108,186,139,178,92,142,151,158,165,196,161,125,116,121,189,192,178,70,151,120,192,92,198,151,130,171,134,128,191,179,105,164,142,101,152,156,145,161,109,178,159,115,181,193,172,165,87,191,67,167,163,176,111,99,108,77,116,140,138,151,138,171,118,169,152,185,118,176,174,155,137,190,140,181,185,55,137,112,172,165,144,137,130,174,179,135,183,139,160,144,187,133,118,153,117,166,115,160,130,141,170,180,194,140,117,197,159,145,81,150,114,198,80,124,190,114,199,111,162,124,192,143,155,142,184,198,144,153,138,144,128,127,169,125,163,138,129,123,151,162,154,128,140,139,174,95,166,123,157,145,159,124,88,152,189,115,107,173,160,154,155,108,179,135,116,153,124,173,136,113,157,176,172,113,188,179,107,133,122,130,200,189,203,123,187,191,162,180,61,161,107,120,156,128,140,141,65,156,144,104,171,135,120,120,134,92,165,123,177,117,146,206,151,222,137,161,200,161,181,147,172,113,127,155,150,123,155,174,132,119,194,126,110,96,124,193,168,208,179,132,190,141,112,157,166,126,126,114,152,120,165,108,135,161,22985566500
183,175,160,129,139,172,130,186,162,204,109,188,142,114,150,173,126,151,158,137,181,196,178,90,110,186,203,143,157,149,91,149,150,110,123,180,193,169,181,179,181,176,170,111,152,141,108,186,143,178,93,142,157,170,169,196,162,126,117,121,189,210,189,70,151,127,193,114,198,152,130,174,134,128,191,192,105,165,142,101,152,156,145,161,109,178,168,115,182,193,177,165,87,191,68,174,171,184,111,99,108,77,117,140,156,152,139,187,118,170,152,186,118,177,174,169,137,190,177,181,185,55,137,113,172,165,144,145,144,174,179,135,183,139,161,144,187,161,119,153,117,166,138,160,134,141,170,180,194,140,117,197,162,145,105,151,114,198,80,124,192,115,199,111,162,124,198,160,155,142,184,198,144,153,150,144,128,127,169,126,165,138,129,123,151,175,163,137,140,151,176,95,167,161,157,145,169,124,88,152,189,115,107,173,171,154,155,108,207,135,116,153,124,173,136,113,157,176,173,113,188,185,107,148,122,130,200,189,203,123,187,191,162,180,61,161,115,121,156,128,140,141,94,160,144,104,205,135,121,120,134,92,191,124,194,117,146,209,151,222,141,161,201,161,181,147,172,113,127,155,150,123,178,175,143,119,194,126,114,96,136,193,178,209,179,141,190,141,112,161,166,126,126,115,152,121,165,108,135,173,23486187100
197,175,161,130,139,172,130,187,162,206,119,188,142,115,150,188,126,152,158,138,181,197,178,111,110,186,203,158,157,150,91,149,150,117,125,181,193,170,181,179,184,176,170,119,153,141,109,187,143,178,93,142,157,170,170,197,163,130,117,122,189,210,190,70,151,127,205,114,199,152,130,174,134,128,191,192,106,166,142,102,153,156,145,161,109,178,169,115,183,193,178,166,115,191,68,175,172,184,113,99,108,78,118,140,157,152,140,187,119,170,152,186,118,188,174,169,137,190,177,182,185,56,137,113,173,165,144,147,145,176,179,135,183,140,162,145,188,161,119,153,117,167,138,160,134,141,170,180,194,141,117,198,162,146,106,151,114,198,94,124,194,115,199,111,163,124,198,160,165,142,185,203,144,154,150,144,129,127,169,126,167,138,130,123,151,175,163,137,149,152,176,96,167,161,157,145,170,124,89,156,193,139,107,174,171,154,155,109,208,135,116,153,124,173,136,114,157,176,174,113,196,191,107,148,122,130,200,189,203,124,187,192,162,181,61,161,115,121,156,128,140,142,94,162,146,104,210,135,121,120,134,92,191,124,194,117,146,209,151,222,141,161,201,162,181,148,173,122,138,155,150,124,178,175,144,119,196,139,115,97,136,193,178,209,179,147,190,142,112,161,168,126,127,116,152,132,167,115,137,173,24167944400
197,191,161,130,150,172,130,187,177,206,132,188,142,115,150,188,126,152,173,138,181,197,178,141,111,186,203,158,161,150,91,149,150,117,142,197,194,170,194,179,184,188,170,119,153,141,109,187,143,178,93,143,169,170,170,197,163,130,122,122,197,212,190,70,160,127,205,114,199,152,130,174,149,128,197,192,106,166,148,102,153,156,164,161,109,178,169,132,183,193,178,166,115,192,68,175,172,184,113,99,108,78,118,140,157,152,140,187,119,183,152,186,119,188,192,169,137,190,177,186,185,80,137,119,173,172,144,147,157,176,179,148,183,151,162,145,188,161,125,153,117,167,138,160,134,141,177,180,194,141,117,198,162,146,106,151,114,208,94,124,194,115,199,111,195,164,199,161,165,142,186,209,144,154,164,159,129,127,174,127,167,138,130,123,179,176,164,137,149,152,176,109,167,163,157,146,170,126,99,157,193,140,126,174,171,167,155,117,208,135,116,153,124,186,136,114,161,176,175,113,196,191,112,148,122,130,200,196,203,125,187,192,162,181,61,178,121,122,174,128,140,142,94,163,146,104,210,135,121,140,134,93,197,125,194,124,157,210,151,229,141,161,202,169,181,148,173,122,138,161,150,124,202,175,145,119,197,139,115,119,140,202,179,209,180,147,193,142,112,161,168,126,136,116,169,132,167,116,137,176,24675455200
197,191,162,133,150,172,130,187,177,206,132,188,142,116,151,189,126,153,173,139,183,197,179,141,111,186,204,159,161,150,92,149,150,117,142,197,194,170,194,179,185,189,170,119,153,142,109,187,145,178,94,143,170,170,170,197,163,130,122,122,197,213,191,93,160,127,206,114,199,152,130,174,149,128,198,192,106,168,149,102,153,156,164,161,109,194,193,132,183,193,178,166,115,192,70,175,173,193,113,99,109,78,118,140,158,152,140,187,120,184,163,191,137,188,192,183,137,190,177,186,185,81,149,119,173,172,145,147,158,176,199,149,184,151,163,145,188,171,131,154,117,168,138,160,134,142,177,181,194,141,117,198,162,146,106,151,122,208,95,124,195,115,205,111,196,164,199,162,165,142,187,209,144,154,165,159,129,127,174,127,167,138,131,123,179,189,164,137,149,152,176,109,167,163,157,147,170,127,99,157,194,140,126,174,184,167,155,118,209,135,117,153,125,186,136,114,162,176,192,114,196,191,113,148,122,130,200,196,208,126,187,192,189,181,61,178,121,122,174,128,140,142,95,163,146,104,210,136,121,140,135,94,197,126,195,124,157,210,151,229,141,161,202,169,181,148,174,122,138,161,150,124,202,176,146,119,197,139,115,120,140,202,179,209,194,147,193,142,129,162,168,126,136,116,169,134,167,117,137,176,24848644300
197,199,162,149,150,208,180,187,198,219,148,188,142,117,232,196,126,178,194,184,213,210,179,141,150,186,204,164,169,164,125,156,157,126,169,198,201,183,194,192,193,190,170,138,153,143,109,206,154,190,94,183,187,175,179,210,163,197,123,150,197,237,191,106,184,156,206,129,204,152,153,174,150,128,198,193,106,216,175,102,166,156,171,230,131,194,195,172,183,202,209,166,122,218,71,180,182,194,114,101,131,174,118,140,158,153,140,187,134,191,163,192,141,195,192,187,184,210,177,204,185,81,212,124,173,172,145,147,159,176,236,161,190,152,184,145,201,204,144,164,122,168,138,160,134,145,177,181,202,141,118,199,165,147,130,152,122,213,95,124,205,117,207,208,196,165,199,162,184,151,187,216,145,179,166,159,147,130,174,146,186,161,143,123,179,192,164,137,149,153,176,147,168,163,157,147,200,133,99,172,195,141,126,174,199,172,155,209,209,135,117,168,125,186,136,129,162,188,193,114,202,199,124,197,124,151,200,207,216,127,189,204,189,181,117,178,121,122,174,152,140,183,127,164,166,129,213,137,121,140,135,94,198,126,201,124,221,217,151,229,169,190,202,221,201,174,174,167,155,164,171,165,202,177,177,140,208,151,115,121,160,213,183,210,203,147,202,162,131,171,169,134,136,117,174,144,167,132,231,176,27041623200
207,200,162,150,150,208,180,187,204,235,148,189,142,123,232,196,126,193,194,200,214,210,179,141,179,218,204,170,169,165,127,165,158,126,199,201,201,183,194,206,193,194,170,140,153,150,110,210,155,190,95,183,195,177,179,210,163,197,130,167,197,239,199,114,188,166,206,150,210,152,153,175,153,128,201,193,140,216,175,102,173,156,171,230,131,194,195,172,183,207,209,186,123,218,71,181,183,194,118,101,131,175,141,140,158,153,140,187,142,191,164,192,176,210,192,188,184,210,197,204,185,82,212,124,173,173,145,166,163,176,240,176,190,152,185,145,201,205,144,165,122,169,150,160,134,150,177,181,202,141,118,200,198,148,142,153,122,213,95,125,205,117,211,223,196,165,199,162,186,151,187,216,145,209,166,160,147,130,174,146,203,180,155,124,179,192,164,138,150,153,176,147,180,163,164,149,216,134,116,172,196,141,126,174,199,177,170,209,215,135,117,168,126,186,136,129,162,188,207,114,203,199,124,202,140,151,203,207,216,128,199,205,189,182,118,179,121,122,192,152,141,183,143,164,176,160,213,138,122,140,141,94,198,127,207,124,226,217,151,237,169,199,202,221,202,174,174,167,155,164,172,165,202,178,177,140,208,151,115,145,160,213,183,211,203,147,210,186,132,171,169,151,136,140,211,144,167,132,232,182,27649694300
211,201,167,153,160,216,186,200,210,241,149,196,147,148,247,196,147,221,198,226,220,210,191,142,213,227,210,203,186,203,133,165,158,158,217,214,222,183,206,220,211,194,173,155,153,159,130,233,173,210,115,213,208,222,214,220,166,207,153,189,239,249,203,120,195,171,224,184,240,161,155,186,209,144,223,206,141,230,192,106,223,165,174,230,137,194,240,214,183,208,227,187,135,221,94,206,190,197,138,101,171,190,158,154,165,171,157,202,172,192,180,199,216,212,226,192,184,213,198,240,188,121,212,132,186,188,153,166,165,187,245,185,199,186,202,161,231,214,145,175,157,193,150,165,146,173,205,189,206,166,127,211,224,175,143,153,161,215,110,156,205,118,239,232,230,185,211,162,186,177,191,228,145,229,173,179,147,131,180,151,221,193,155,148,193,203,164,165,161,156,179,147,189,198,165,150,243,137,141,195,199,150,132,174,202,180,204,209,243,135,135,202,151,205,165,154,221,232,212,124,205,200,135,211,182,158,207,207,218,171,245,219,189,186,131,208,162,141,192,158,163,224,147,206,199,182,214,165,137,141,146,103,198,141,220,131,237,217,151,242,195,224,231,246,203,184,183,171,166,230,205,175,229,190,185,154,208,188,158,145,163,218,183,219,208,147,210,226,141,172,203,155,169,140,221,151,206,147,236,187,30500271600
211,202,167,153,161,216,186,200,210,241,149,196,147,150,247,197,147,221,198,226,220,210,191,143,214,231,210,204,186,203,133,165,158,159,217,214,222,183,206,221,212,194,173,156,154,159,131,233,173,210,115,213,209,223,214,221,166,207,153,189,239,249,203,120,195,172,224,185,240,162,155,186,209,145,223,206,141,230,192,107,223,165,174,230,137,194,240,214,183,208,227,199,135,222,94,206,190,197,138,101,171,190,159,154,165,172,157,202,172,193,180,199,216,212,226,192,184,213,198,240,188,122,212,132,186,189,154,166,165,187,245,185,199,187,202,162,232,214,146,176,157,193,150,165,146,173,205,189,206,166,127,211,224,176,143,153,161,215,110,156,205,118,239,233,230,185,211,162,186,177,192,228,145,229,173,179,147,131,180,151,221,193,155,149,193,203,164,165,161,156,179,147,189,198,166,150,243,137,141,195,199,150,132,174,202,180,204,209,243,135,135,202,151,206,165,154,221,232,212,124,205,200,135,211,182,158,208,207,219,171,245,219,190,186,131,208,163,141,192,158,163,224,147,206,199,182,214,165,137,141,146,103,198,141,220,131,237,217,151,242,195,224,231,246,203,184,183,171,166,230,206,175,229,190,185,154,208,188,158,145,163,218,183,219,209,147,210,226,141,172,203,155,169,140,221,151,206,147,236,187,30504092800
211,208,207,153,181,225,186,200,210,241,168,196,147,159,250,225,147,221,198,226,220,210,191,143,214,257,211,204,186,209,133,195,158,163,217,214,236,183,221,223,212,227,178,166,155,191,144,233,173,210,153,213,209,223,214,223,168,207,153,197,251,250,220,120,195,175,224,191,241,162,196,212,223,147,242,253,141,230,192,109,227,165,174,252,160,194,241,214,193,214,227,200,156,227,94,227,190,209,140,107,177,198,159,167,206,188,167,202,172,197,180,199,227,212,240,192,188,213,198,240,188,124,212,132,186,189,154,166,165,187,249,185,203,198,202,216,232,214,146,176,157,193,150,165,146,192,205,201,223,166,127,211,224,176,143,153,179,215,110,208,205,131,239,233,231,193,211,162,204,177,192,231,162,234,173,211,148,144,186,151,221,193,182,162,193,238,164,165,162,177,179,147,199,198,166,150,243,137,141,215,199,169,149,193,202,184,204,217,243,146,135,202,151,208,165,206,233,232,230,124,205,205,135,216,199,158,208,210,223,171,246,219,209,186,143,208,172,156,206,158,180,225,147,206,201,200,214,174,142,141,146,119,201,141,221,146,246,225,167,248,196,232,231,246,203,192,191,171,211,230,215,180,246,190,185,154,208,188,166,145,224,218,190,227,209,162,220,226,141,172,203,155,169,152,221,151,206,149,236,187,31684229200
211,214,207,156,182,229,186,200,210,241,173,213,148,178,255,229,147,221,199,229,220,210,197,143,214,257,211,204,187,219,133,195,159,169,225,214,236,184,223,223,219,228,178,166,167,193,144,233,173,210,156,213,209,224,214,223,185,207,153,197,251,252,229,121,195,191,224,191,241,162,196,242,223,151,247,253,141,231,192,109,228,195,177,252,166,232,241,214,193,215,229,200,156,227,98,232,191,209,141,130,192,198,186,167,206,214,174,203,172,215,180,199,227,213,244,192,192,214,198,253,194,125,212,145,186,206,155,166,165,187,249,185,203,204,202,225,232,226,147,176,157,193,167,165,146,192,205,215,224,166,128,211,241,176,144,154,184,234,110,221,206,147,239,233,231,193,211,162,210,178,193,232,186,234,173,211,164,144,186,158,221,193,182,170,193,238,164,165,162,177,180,147,208,198,167,150,243,137,156,215,199,170,166,193,202,190,205,217,243,150,136,211,152,208,165,206,233,232,237,124,206,205,144,216,199,158,208,211,224,171,247,219,209,186,165,209,172,168,206,181,200,227,148,206,202,200,218,179,159,141,146,147,224,141,221,148,246,225,195,248,204,232,234,247,204,192,205,171,211,251,216,190,247,190,185,159,208,193,167,145,225,219,196,234,209,185,220,245,141,173,203,155,169,152,248,163,207,149,236,187,32351938600
211,214,207,156,182,229,186,200,210,241,173,213,148,215,255,230,147,221,199,229,221,212,197,143,214,257,211,204,188,220,133,195,160,169,225,214,241,184,223,223,220,229,178,167,167,193,144,233,200,210,156,213,209,224,214,223,185,207,154,198,251,252,229,121,195,191,224,191,241,163,196,242,223,151,253,253,141,231,193,109,228,196,177,253,166,233,242,214,193,215,229,200,156,227,98,232,192,210,142,161,193,198,186,167,206,214,174,203,178,215,180,199,227,213,244,193,192,214,198,253,194,125,212,146,186,206,155,214,165,187,249,185,203,204,202,225,232,226,147,177,157,193,168,166,165,193,205,215,224,166,129,212,241,176,144,154,184,234,110,248,206,148,239,234,232,193,212,162,210,178,193,233,206,234,173,211,164,144,186,159,221,193,182,170,194,238,164,165,163,177,180,147,208,198,167,150,243,137,156,215,199,173,166,193,202,190,205,217,243,151,136,211,152,208,165,206,233,232,237,125,207,205,144,216,199,158,208,211,225,171,247,219,210,187,165,210,172,168,206,182,201,234,149,206,202,200,218,179,159,141,147,147,240,141,222,149,246,225,195,248,204,232,235,247,204,193,206,171,212,251,216,191,247,190,185,159,208,193,167,145,226,219,196,235,210,185,220,245,141,173,203,155,169,152,248,164,208,149,236,188,32504155700
224,214,207,156,182,235,187,200,210,242,173,219,148,217,255,230,155,226,201,229,221,248,212,152,214,257,211,204,188,220,133,195,179,173,225,222,241,185,227,237,220,234,179,173,182,204,146,233,206,225,156,213,212,225,220,223,185,214,160,198,255,258,229,150,195,197,224,208,241,163,210,243,232,151,256,256,141,231,204,111,241,196,177,259,173,233,242,241,193,217,265,230,156,227,98,232,195,230,150,192,193,198,190,169,209,214,175,204,179,216,180,225,227,213,245,197,206,238,198,255,194,125,225,153,186,209,171,225,165,187,249,185,231,204,202,226,232,227,162,177,168,202,168,182,171,193,211,219,224,166,144,212,241,185,147,154,184,234,111,248,214,148,239,234,241,207,212,162,214,201,193,234,219,234,174,211,215,178,186,159,221,193,195,171,194,239,164,191,179,198,180,155,208,214,175,161,244,137,156,215,203,179,178,193,211,190,205,220,246,160,150,213,152,212,171,211,241,246,239,126,222,206,144,216,199,170,209,211,225,171,247,219,210,195,165,210,184,168,206,182,201,234,174,218,207,200,218,190,179,142,165,147,251,171,223,184,247,225,195,248,204,233,242,252,204,207,206,171,226,251,219,191,248,207,206,159,225,201,167,151,226,219,196,235,212,185,220,246,141,192,203,155,169,175,249,164,208,171,238,188,33494678000
224,214,207,156,182,235,187,200,210,242,173,219,148,217,255,230,155,226,201,229,221,248,212,152,214,257,211,204,188,220,143,195,179,173,225,222,241,185,227,251,220,234,179,173,182,204,147,233,206,225,156,213,212,225,220,223,185,214,160,208,255,258,229,150,195,197,224,208,241,163,211,250,232,151,256,256,141,231,204,111,242,196,177,259,173,233,242,241,193,217,265,232,156,227,98,232,195,231,150,192,193,198,190,169,209,214,175,204,179,216,180,225,227,213,247,197,206,238,198,256,194,125,225,153,186,209,172,225,165,187,249,185,231,204,202,227,232,227,162,177,169,202,168,182,171,193,216,219,224,166,144,212,241,185,147,154,184,234,111,248,214,148,239,234,242,225,212,162,214,201,193,234,219,234,174,214,215,178,186,159,221,193,196,171,194,239,164,191,179,223,180,155,208,214,175,162,244,137,156,215,203,179,178,193,211,190,206,220,246,160,150,213,152,213,171,211,241,246,239,126,222,206,144,216,199,170,209,211,225,171,247,219,210,195,165,210,184,168,206,182,201,234,174,246,207,200,218,190,202,142,165,147,251,172,223,184,247,225,195,248,204,233,242,252,204,207,206,171,226,251,219,191,248,207,206,159,225,201,167,151,226,219,196,235,212,185,220,246,141,192,203,155,169,175,249,164,208,171,238,188,33748644000
224,214,208,156,182,235,187,200,210,242,173,219,148,217,255,230,155,226,201,229,229,248,212,152,214,257,211,204,188,220,149,195,179,173,225,222,241,185,227,251,220,234,179,173,182,204,147,233,206,225,156,213,212,225,220,223,185,214,160,214,255,258,229,150,195,197,224,208,241,163,211,250,232,151,256,256,141,231,204,111,242,196,177,259,173,240,242,241,193,217,265,232,156,227,98,232,195,231,150,192,197,198,190,169,209,214,175,204,179,216,180,225,227,215,247,197,206,238,198,256,194,125,225,153,186,209,172,225,165,187,249,185,231,204,202,227,232,227,162,177,169,202,171,182,171,193,224,219,224,166,144,212,241,185,147,154,184,234,111,248,214,148,239,234,242,226,212,162,214,201,193,234,219,234,174,215,215,178,186,159,221,193,196,171,194,239,164,191,179,225,180,155,208,214,175,162,244,137,156,215,203,179,178,193,211,190,206,220,246,160,150,213,152,213,171,211,241,246,239,126,222,206,144,216,199,170,209,211,225,171,247,219,210,195,165,210,184,168,206,182,201,234,174,246,207,200,218,190,212,142,165,147,251,172,223,184,247,225,195,248,204,233,242,252,204,207,206,171,226,251,219,191,248,207,206,159,225,201,167,151,226,219,196,235,212,185,220,246,141,192,203,155,169,175,249,164,208,171,238,188,33963211100
224,214,208,156,182,235,187,200,210,242,173,219,148,217,255,230,155,226,201,229,240,248,212,152,214,257,211,205,188,220,149,195,179,173,225,222,241,185,227,251,220,234,179,173,182,204,147,233,206,225,156,213,212,225,220,223,186,214,160,214,255,258,229,150,195,197,224,208,241,163,211,250,232,151,256,256,141,231,204,111,242,196,177,259,173,243,248,241,193,217,265,232,156,227,98,232,195,231,150,192,197,198,190,169,209,214,175,204,179,216,188,225,227,219,247,197,206,238,198,256,194,125,225,153,186,209,172,225,165,187,249,185,231,204,202,227,232,227,162,177,169,202,181,182,171,193,224,219,224,166,144,212,241,185,147,154,184,234,111,248,214,148,239,234,242,226,212,162,214,201,193,234,219,234,174,215,215,178,186,159,221,193,196,176,194,239,164,191,179,225,180,155,208,214,175,162,244,137,156,215,203,179,178,193,211,190,206,220,246,160,150,213,152,213,171,211,241,246,239,126,222,206,144,216,199,170,209,211,225,171,247,219,210,195,165,210,184,168,206,182,201,234,174,246,207,200,218,190,212,142,165,147,251,172,223,184,247,225,195,248,204,233,242,252,204,207,206,171,226,251,219,191,248,207,206,178,225,201,167,151,226,219,200,235,212,190,220,246,141,192,203,155,169,175,249,164,208,171,238,188,34131845000
224,214,208,156,182,235,187,200,210,242,173,219,148,217,255,230,155,226,201,229,240,248,212,152,214,257,211,205,188,220,149,195,179,173,225,222,241,185,227,251,220,234,179,173,182,204,147,233,206,225,156,213,212,225,220,223,186,214,160,214,255,258,229,150,195,197,224,208,241,163,211,250,232,151,256,256,141,231,204,111,242,196,177,259,173,243,248,241,193,217,265,232,156,227,98,232,195,231,150,192,197,198,190,169,209,214,175,204,179,216,188,225,227,219,247,197,206,238,198,256,194,125,225,153,186,209,172,225,165,187,249,185,231,204,202,227,232,227,162,177,169,202,181,182,171,193,224,219,224,166,144,212,241,185,147,154,184,234,111,248,214,148,239,234,242,226,212,162,214,201,193,234,219,234,174,215,215,178,186,159,221,193,196,176,194,239,164,191,179,225,180,155,208,214,175,162,244,137,156,215,203,179,178,193,211,190,206,220,246,160,150,213,152,213,171,211,241,246,239,126,222,206,144,216,199,170,209,211,225,171,247,219,210,195,165,210,184,168,206,182,201,234,174,246,207,200,218,190,212,142,165,147,251,172,223,184,247,225,195,248,204,233,242,252,204,207,206,171,226,251,219,191,248,207,206,178,225,201,167,151,226,219,200,235,212,190,220,246,141,192,203,155,169,175,249,164,208,171,238,188,34134300500
224,214,208,156,182,235,187,200,210,242,173,219,148,217,255,230,155,226,201,230,246,248,212,152,214,257,211,205,188,220,149,195,179,173,225,222,242,185,227,251,220,234,179,173,182,204,147,233,206,225,156,213,212,225,220,223,194,214,160,214,255,258,229,150,195,197,224,208,241,163,211,250,232,151,256,256,141,231,204,112,242,196,177,259,173,247,253,241,193,217,265,232,156,227,98,232,195,231,150,192,197,198,190,169,209,214,175,204,179,216,190,225,227,224,247,197,206,238,198,256,194,125,225,153,186,209,172,225,165,187,249,185,231,204,202,227,232,227,162,177,169,202,181,182,171,193,224,219,224,166,144,212,241,185,147,154,184,234,111,248,214,148,239,234,242,226,212,162,214,201,193,234,219,234,174,215,215,178,186,159,221,193,196,179,194,239,164,191,179,225,180,155,208,214,175,162,244,137,156,215,203,179,178,193,211,190,206,220,246,160,150,213,152,213,171,211,241,246,239,126,222,206,144,216,199,170,209,211,225,171,247,219,210,195,165,210,184,168,206,182,201,234,174,246,207,200,218,190,212,142,165,147,251,172,223,184,249,225,195,248,204,233,242,252,204,207,206,171,226,251,219,191,248,207,206,179,225,201,167,151,226,219,206,235,212,194,220,246,141,192,203,155,169,175,249,164,208,171,238,188,34287531600
227,214,224,198,229,238,212,206,221,256,216,244,184,232,262,243,196,249,219,238,255,265,229,162,214,263,233,208,210,225,162,203,211,192,235,228,250,238,241,258,231,249,191,208,184,244,187,254,206,258,187,223,261,265,227,249,201,228,181,226,266,263,241,208,216,218,244,231,244,182,216,253,243,169,274,261,200,260,204,119,252,207,206,259,208,247,266,248,220,239,269,246,172,253,128,240,203,241,166,198,204,226,240,191,215,236,196,226,253,236,191,250,243,225,252,249,221,251,204,257,211,166,235,204,210,227,211,262,176,192,257,227,242,208,214,245,248,243,193,184,205,210,189,210,202,218,249,238,251,171,189,236,268,226,195,246,195,242,131,261,234,165,263,253,251,243,217,184,222,213,221,249,231,242,189,233,244,212,203,207,237,212,215,182,208,261,221,224,189,228,205,199,213,222,195,209,257,183,159,235,243,208,185,199,218,211,228,233,255,214,160,220,177,226,236,211,247,262,254,178,257,211,218,223,217,208,215,238,234,229,262,222,222,215,202,215,197,182,217,200,220,252,209,251,239,235,238,218,216,170,197,155,256,208,262,186,254,229,215,255,215,246,264,258,247,232,211,194,250,263,245,194,261,219,239,207,248,250,216,167,230,243,209,244,243,199,258,258,167,235,234,155,175,181,251,169,218,174,240,194,39219263000
227,217,226,198,229,238,212,211,227,256,216,245,184,233,262,243,196,256,222,238,256,265,229,162,215,264,233,208,210,230,162,203,211,192,240,228,250,238,243,258,231,249,191,208,184,252,203,254,206,261,188,224,261,265,227,249,218,240,181,226,266,263,241,219,227,229,244,237,244,182,217,254,243,169,274,261,200,260,204,119,252,207,213,262,208,247,269,252,220,247,269,246,172,253,131,248,209,243,169,208,204,233,240,196,215,240,196,226,255,236,192,252,243,225,252,249,229,253,204,257,219,166,235,204,220,229,219,262,183,192,258,227,242,210,223,245,249,243,204,184,208,210,189,217,202,218,251,241,251,171,193,236,268,227,195,247,195,242,131,262,234,165,263,255,251,251,219,184,222,213,222,251,231,245,189,241,245,215,209,212,238,212,219,182,208,263,223,229,197,228,205,199,213,222,201,209,257,192,159,235,243,220,186,199,218,218,228,233,256,217,160,221,177,241,236,211,252,262,256,179,258,215,219,223,217,209,215,244,234,230,262,235,222,216,202,216,197,182,217,200,220,253,209,252,239,239,238,222,221,179,198,155,256,209,262,197,255,236,218,256,215,246,270,259,248,243,222,194,251,263,245,203,269,219,239,208,248,250,217,167,230,243,212,244,244,199,260,258,167,241,239,155,175,181,251,169,218,174,240,194,40274800500
227,217,226,198,229,238,212,211,227,256,216,245,184,233,262,243,196,256,222,238,256,265,229,162,215,266,233,208,210,230,162,203,211,192,240,230,250,238,243,258,231,249,191,208,184,252,203,254,206,261,188,224,261,265,227,249,218,240,181,226,273,263,241,219,227,229,244,237,244,182,217,254,243,169,274,261,200,260,204,119,252,207,213,262,208,247,269,252,220,247,269,246,172,253,131,248,209,243,169,208,204,233,240,196,215,240,196,226,255,236,192,252,243,225,252,249,229,253,204,257,219,166,235,204,220,229,219,262,183,192,258,227,242,210,223,245,249,243,204,184,208,210,189,217,202,218,251,241,251,171,193,236,268,227,195,247,195,242,131,262,234,165,263,255,251,251,219,184,222,213,222,252,231,245,189,241,245,215,209,212,238,212,219,182,208,263,223,229,197,228,205,199,213,222,201,209,257,192,159,235,243,220,186,199,218,218,228,233,256,217,160,221,177,241,236,211,252,262,256,179,258,215,219,223,217,209,215,244,234,230,262,235,222,216,202,216,197,183,217,200,220,253,209,252,239,239,238,222,221,179,198,155,256,209,262,197,255,236,218,256,215,246,270,259,248,243,222,194,251,263,245,203,269,219,239,208,248,250,217,167,230,243,212,244,244,199,260,258,167,241,239,155,175,181,251,169,218,174,240,194,40298322900
227,217,227,199,231,248,213,220,239,256,228,260,217,237,262,253,196,267,222,268,256,265,259,193,216,269,233,208,228,249,185,209,251,242,240,230,251,270,245,263,235,259,210,214,201,255,203,263,212,261,190,227,269,272,231,268,218,240,204,226,279,263,254,229,235,239,259,238,257,182,227,254,271,182,274,266,205,266,210,121,261,246,213,269,229,247,276,252,220,266,270,246,173,263,152,255,219,243,169,208,212,258,240,247,248,252,208,237,256,245,192,253,243,249,252,255,258,253,265,257,226,218,238,212,233,238,231,270,211,193,267,250,251,219,233,245,255,247,219,185,229,213,189,220,202,219,263,241,271,171,193,245,274,236,208,247,195,252,140,265,234,201,267,259,268,253,228,212,249,261,225,255,232,245,191,241,249,218,217,212,246,269,219,215,248,270,229,241,202,229,222,205,223,222,202,216,279,208,183,235,255,261,191,215,218,219,228,233,262,246,170,230,189,241,250,229,253,269,273,197,266,216,222,223,248,209,265,244,244,241,262,243,261,224,206,223,201,208,226,200,224,253,209,252,250,239,254,222,230,187,211,164,271,258,262,220,259,241,222,264,217,252,273,260,252,245,222,194,256,265,249,204,273,228,240,216,261,266,222,188,230,251,233,259,249,199,262,263,168,252,250,156,175,209,251,189,257,204,241,195,42256782900
227,217,227,199,231,248,213,220,239,256,228,260,217,237,262,253,196,267,222,268,256,265,259,193,216,269,234,208,228,249,185,209,251,242,240,230,251,270,245,263,235,259,210,214,201,255,203,263,212,261,190,227,269,272,231,269,218,240,204,226,279,263,254,229,235,239,259,239,257,182,227,254,271,183,274,266,205,266,210,122,261,246,213,269,229,247,276,252,221,266,270,246,174,263,152,255,219,243,169,208,212,258,240,247,248,252,208,237,256,245,192,254,243,249,252,255,258,253,265,257,226,218,238,212,233,238,231,270,211,193,267,250,251,219,233,246,255,247,219,185,229,213,189,220,202,219,263,241,271,171,193,245,274,236,208,247,195,252,140,265,234,201,267,259,268,253,228,212,249,261,226,256,232,245,192,241,249,218,217,212,246,269,219,215,248,270,229,241,202,229,222,205,223,222,203,216,279,208,183,235,255,261,191,215,218,219,228,233,262,246,170,230,190,241,250,229,253,269,273,197,266,216,222,223,248,209,265,244,244,241,262,243,261,224,206,223,201,209,226,200,224,253,209,252,250,239,255,222,230,188,211,164,271,258,263,220,259,241,222,265,217,252,273,260,252,245,222,194,256,265,249,204,273,228,240,216,261,266,222,190,231,251,233,259,249,200,262,263,168,252,250,156,175,209,251,189,258,204,241,195,42349934800
228,217,227,199,231,248,214,221,240,256,228,260,217,237,262,254,196,267,222,268,256,265,259,193,216,269,234,208,228,249,185,209,251,242,240,231,251,270,245,263,235,259,210,214,201,255,203,263,212,261,191,227,269,272,231,269,218,240,204,227,279,263,255,229,236,239,259,239,257,182,227,254,271,183,274,266,205,266,210,122,261,246,213,269,229,247,276,252,221,266,270,246,174,263,152,255,219,243,169,209,212,258,240,247,249,252,208,237,256,245,192,254,243,249,252,256,258,253,265,257,226,218,239,212,233,238,231,270,212,194,267,250,251,219,234,246,255,247,219,185,229,213,190,220,203,219,263,241,271,171,193,245,274,237,208,247,196,252,140,265,234,201,267,259,268,253,228,212,249,261,226,256,232,245,192,241,249,218,217,212,246,269,219,216,248,270,229,241,202,229,222,205,223,222,203,216,279,208,183,235,255,261,192,215,218,219,228,233,262,246,170,230,190,241,250,229,253,269,273,197,266,216,222,223,248,209,265,244,244,241,262,243,261,224,206,223,201,209,226,200,224,253,209,252,253,239,255,222,230,188,211,165,271,258,263,220,259,241,222,265,217,252,273,260,252,245,222,194,256,265,249,204,273,228,240,216,261,266,222,197,231,251,233,259,249,202,262,263,168,252,250,156,175,209,251,189,258,204,241,195,42361848100
228,217,250,199,231,248,214,237,240,256,228,260,217,237,262,254,196,267,222,268,256,265,259,193,217,275,234,208,228,249,185,209,251,242,240,235,251,270,245,263,235,259,210,214,201,255,203,263,212,261,191,227,269,272,231,273,218,241,204,227,279,263,255,229,236,239,259,239,257,182,227,254,271,183,274,266,205,267,210,122,261,246,213,269,229,247,276,252,221,266,270,246,174,263,152,255,219,243,169,209,217,258,240,247,249,252,208,237,256,245,192,254,243,252,253,258,258,253,265,257,226,218,239,212,233,241,231,270,212,194,267,250,251,219,234,246,255,247,219,185,230,213,190,220,203,219,263,241,271,171,193,245,274,237,208,250,196,252,140,265,234,201,267,259,268,253,228,212,250,261,226,257,232,245,192,241,249,218,217,212,251,269,219,221,248,270,229,242,202,229,222,205,223,222,203,216,279,211,183,235,255,261,192,215,219,220,228,233,262,246,170,230,190,241,250,229,253,269,274,197,266,216,222,223,248,209,265,244,245,241,262,243,261,224,206,224,201,209,226,200,225,253,209,252,253,241,255,222,230,188,211,165,271,258,263,220,259,250,222,265,217,254,275,263,253,246,226,194,256,265,265,204,273,231,240,221,261,266,222,198,231,251,234,259,249,205,262,263,168,252,250,156,175,209,251,189,258,204,241,195,42604050700
228,217,250,199,231,248,214,237,240,256,228,260,217,237,262,254,196,267,222,268,256,265,259,193,217,275,234,208,228,249,185,209,251,242,240,235,251,270,245,263,235,260,210,214,201,255,203,263,215,261,191,227,269,272,232,273,218,241,204,227,279,263,255,229,236,240,259,240,257,182,227,254,271,183,274,266,206,267,211,122,261,246,213,269,229,247,276,252,221,266,270,246,174,263,153,255,219,243,169,209,217,258,240,248,249,252,208,237,256,245,192,254,243,252,253,258,258,253,265,257,226,218,239,212,233,241,231,270,212,194,267,250,251,219,234,246,255,247,219,185,230,213,190,220,203,219,263,241,271,171,193,245,274,237,208,250,196,252,140,265,234,201,267,259,268,253,228,212,250,261,226,257,232,245,192,241,249,218,218,212,251,269,219,222,248,270,229,242,202,229,222,205,223,222,203,216,279,212,186,235,255,261,193,215,219,220,228,233,262,246,170,230,190,241,250,229,253,269,274,197,266,216,222,223,248,209,265,244,245,241,262,243,261,224,206,224,201,209,226,200,225,253,209,252,253,241,255,222,230,188,211,165,271,258,263,220,259,250,222,265,217,254,275,263,253,246,226,194,256,265,265,204,273,231,240,221,261,266,222,198,231,251,234,259,249,205,262,263,168,252,250,156,175,209,251,189,258,204,241,195,42610220800
228,233,250,199,235,248,214,237,240,262,228,260,220,237,262,254,196,267,222,268,256,269,259,212,217,275,234,208,240,249,185,209,251,242,244,235,251,270,245,263,235,267,210,214,202,255,203,266,218,265,191,227,269,272,233,273,218,241,208,228,279,263,255,229,236,240,264,240,257,186,227,258,271,195,274,277,206,267,216,132,262,249,213,269,229,247,276,255,221,266,270,246,189,264,153,256,219,244,176,209,226,258,240,248,250,260,208,241,256,245,192,254,244,253,255,258,258,253,265,257,226,227,239,214,233,241,231,271,213,201,273,250,251,221,240,255,255,247,219,196,230,213,190,220,204,229,263,241,271,176,193,246,274,249,208,250,196,252,140,265,234,211,267,259,268,254,228,212,250,261,226,259,245,246,192,243,249,218,232,212,251,269,220,247,259,270,229,244,202,229,224,205,223,223,204,216,280,212,190,235,260,261,193,226,225,225,228,233,262,246,204,230,190,243,250,229,258,269,275,205,266,217,222,224,248,209,267,244,246,246,262,244,261,225,206,231,201,209,227,200,231,254,210,252,253,241,255,222,230,188,211,166,275,258,276,221,259,250,223,265,219,254,277,263,256,246,226,194,256,271,270,205,275,231,240,221,262,266,222,199,231,251,237,259,249,206,268,263,169,252,251,157,179,209,251,189,258,206,241,196,43078084300
232,233,263,208,236,256,228,237,244,262,241,261,220,237,262,276,198,268,227,269,256,269,259,221,219,276,234,213,240,253,185,209,251,242,252,255,251,271,246,267,235,267,210,231,203,255,204,266,218,265,200,230,272,272,234,273,219,249,213,246,279,263,264,245,240,241,264,240,257,186,233,258,274,195,275,277,206,271,216,133,264,249,213,273,255,247,276,255,224,271,270,252,195,264,155,256,219,251,176,227,227,258,241,248,254,266,210,241,256,246,192,262,249,257,255,258,258,253,269,258,227,227,239,229,233,241,231,271,216,202,273,271,251,232,240,255,255,247,230,196,238,213,195,220,219,229,263,246,277,198,193,255,278,249,208,257,196,263,140,269,235,212,271,259,268,257,233,213,250,261,228,268,245,246,192,253,250,218,234,222,257,269,220,248,259,270,230,244,203,230,228,213,243,224,216,221,280,213,190,243,260,267,194,226,225,229,238,233,263,248,204,245,211,243,251,234,258,272,279,215,266,231,244,236,248,209,267,253,248,247,264,244,261,225,209,232,201,217,227,205,234,260,215,258,253,242,255,222,235,188,211,188,277,258,276,221,267,250,229,265,219,254,277,263,257,246,227,194,257,271,270,205,275,233,244,221,264,270,224,199,231,262,237,265,249,206,269,267,173,253,254,169,205,216,252,189,259,216,252,217,45190412600
233,239,263,208,236,257,230,237,244,262,242,265,220,237,267,282,207,270,227,269,256,269,262,222,219,276,242,213,244,253,185,209,252,242,258,255,258,271,246,267,236,268,210,231,206,255,204,266,232,267,203,242,272,272,234,276,221,252,220,255,279,264,269,248,243,243,265,244,264,207,233,258,274,200,275,278,206,271,243,143,266,249,215,274,258,247,276,255,224,277,272,252,210,266,161,260,247,260,176,227,227,260,246,248,259,266,210,241,264,247,193,266,249,259,255,258,258,258,270,258,230,227,250,229,234,255,235,272,227,212,273,271,251,232,240,255,255,247,246,211,243,213,220,220,219,229,263,246,277,198,193,257,278,249,217,271,196,264,142,270,235,212,272,259,268,257,235,213,259,266,228,268,245,246,192,253,250,237,234,222,260,269,225,248,263,279,232,244,208,233,230,232,243,235,224,231,280,214,200,244,260,267,194,229,225,239,239,238,263,255,204,245,230,243,251,235,260,272,282,222,267,233,244,236,248,209,267,255,250,247,264,247,261,226,212,232,202,217,228,211,234,268,227,258,255,242,255,234,236,188,212,201,277,260,282,221,267,251,246,265,219,264,277,263,258,246,227,202,257,273,273,212,275,251,248,221,264,271,233,203,231,262,249,266,249,214,269,267,186,257,254,170,206,216,263,189,265,220,256,220,46501055300
233,239,271,252,236,257,239,237,246,267,242,265,220,237,267,282,207,273,227,269,263,269,262,222,219,276,251,213,244,257,185,232,252,244,259,255,258,271,271,267,237,270,213,245,206,257,211,266,242,267,203,249,275,277,234,276,238,270,220,255,279,266,272,248,243,243,265,244,266,208,233,268,274,200,275,279,206,271,250,163,269,250,224,274,258,250,276,265,224,277,272,253,210,266,161,260,247,261,176,231,227,268,246,253,259,266,213,243,264,247,193,266,253,259,258,258,258,258,270,268,230,227,250,229,235,256,235,272,227,212,282,271,252,252,240,255,255,247,264,236,243,213,220,239,220,229,271,254,277,199,220,258,278,250,217,272,196,271,165,270,246,228,275,265,268,263,235,213,260,269,240,269,245,246,192,255,250,237,234,222,265,269,225,252,271,279,232,244,213,234,247,232,247,242,224,231,283,239,201,246,260,267,195,229,225,240,262,241,268,255,215,246,230,248,257,235,273,272,282,222,267,241,254,237,248,218,267,255,251,247,264,247,261,226,237,233,202,223,252,212,238,268,227,267,255,242,255,235,236,188,212,201,277,260,282,230,267,251,261,265,219,264,278,263,258,253,247,202,257,273,273,226,275,252,248,221,264,272,233,203,232,262,249,269,255,221,274,274,186,257,256,170,206,216,263,189,271,220,256,220,47300923400
233,239,271,253,236,258,239,237,246,267,242,265,221,237,267,282,207,273,227,270,263,269,262,222,223,276,251,213,244,257,185,232,253,244,259,255,258,271,271,267,237,270,213,245,207,257,211,266,242,267,204,249,275,277,234,276,238,270,221,255,279,266,272,248,243,243,265,244,266,209,233,268,274,200,275,279,206,271,250,163,269,250,224,274,258,250,276,266,224,277,272,253,210,266,166,261,247,261,176,231,227,268,246,253,259,266,213,243,264,247,193,266,253,259,258,258,258,258,270,268,230,227,250,229,235,256,236,272,227,212,282,271,252,252,240,255,255,247,264,236,243,213,221,239,220,229,271,254,277,199,220,258,278,250,217,272,196,275,165,270,247,229,275,265,268,263,235,214,260,269,240,271,245,246,192,255,257,237,234,222,265,269,225,252,271,279,232,244,213,234,247,232,247,243,224,231,283,239,201,246,260,267,195,229,225,240,262,241,268,255,215,246,230,248,257,235,273,272,283,222,267,241,254,237,248,218,267,255,251,247,264,247,261,226,237,233,202,223,252,212,238,269,227,267,255,242,255,235,236,188,212,202,277,261,282,230,268,251,261,265,219,264,278,263,258,253,247,202,257,273,273,226,275,252,248,221,264,272,234,203,232,262,249,269,255,221,274,274,187,257,256,170,206,216,263,189,271,221,256,220,47463210700
233,239,271,253,236,258,248,237,261,267,242,265,221,237,267,282,207,273,227,270,263,269,262,222,223,276,252,213,244,257,185,232,253,261,261,255,258,277,274,267,238,273,213,245,207,257,211,266,242,267,204,249,275,277,234,277,238,270,230,255,279,266,272,248,243,243,265,244,266,210,233,268,274,201,275,279,206,278,251,172,269,250,224,274,258,250,276,266,224,277,272,253,210,266,166,261,247,261,176,231,227,270,246,253,259,266,213,243,264,255,193,268,253,259,259,263,258,258,270,268,230,228,250,229,235,256,236,272,227,212,282,272,252,253,240,255,255,247,264,237,244,214,221,239,220,229,271,254,277,199,220,258,278,250,217,272,197,275,166,270,247,229,275,265,268,263,235,215,260,275,241,271,245,246,192,257,257,238,234,223,265,269,225,252,271,279,232,244,214,235,247,233,247,244,224,231,283,240,201,246,266,267,195,230,226,240,262,242,269,255,233,246,230,248,257,235,273,272,283,222,267,243,254,237,248,218,267,256,251,247,267,247,261,226,238,233,202,223,252,213,238,269,227,268,255,242,255,235,236,189,212,202,277,261,282,231,269,252,261,266,219,265,278,263,258,253,247,202,257,274,273,226,277,252,248,221,264,272,234,204,233,263,249,269,255,221,274,274,189,257,256,170,206,216,263,190,271,221,256,220,47627107900
233,239,272,257,236,258,248,237,261,267,242,265,221,237,267,283,207,273,227,270,263,269,262,222,223,276,253,214,244,257,185,232,253,261,261,255,258,277,274,267,238,273,213,246,207,257,211,266,242,267,205,249,276,277,234,277,238,270,230,255,279,266,272,248,243,243,265,244,266,210,233,269,274,201,275,279,206,278,251,172,269,250,224,274,258,250,276,266,224,277,272,253,210,266,166,261,247,261,176,231,227,270,246,253,259,266,213,243,264,255,193,268,253,259,259,263,258,258,270,268,230,228,250,229,235,256,236,272,227,212,282,272,252,253,240,255,255,247,264,237,244,214,221,239,220,229,271,254,277,199,220,258,278,250,217,272,197,275,166,270,247,229,275,265,268,263,235,215,260,275,241,271,245,246,192,257,257,238,234,223,265,269,225,252,271,279,232,244,214,235,247,233,247,244,224,231,283,240,201,246,266,267,195,230,226,240,262,242,269,255,233,246,230,248,257,235,273,272,283,222,267,243,254,237,248,218,267,256,251,247,267,247,261,226,238,233,202,223,252,213,238,269,227,268,255,242,255,235,236,189,212,202,277,261,282,231,269,252,261,266,219,265,278,263,258,253,247,202,257,274,273,226,277,252,248,221,264,272,234,204,233,263,249,269,255,221,274,274,189,257,256,170,206,216,263,190,271,221,256,220,47633310600
233,239,272,263,236,258,248,237,261,267,242,265,221,237,267,283,207,273,227,270,263,269,262,222,223,277,253,214,244,257,185,232,253,261,261,255,258,277,274,267,238,273,213,246,207,257,211,266,242,267,205,249,276,277,234,277,238,270,230,255,279,266,272,248,243,243,265,244,266,210,233,269,274,201,275,279,206,278,251,172,269,250,224,274,258,250,276,266,224,277,272,254,210,266,166,261,247,261,176,231,228,270,246,253,259,266,213,243,264,255,193,269,253,259,259,263,258,258,270,268,230,228,250,229,236,256,236,272,227,212,282,272,252,253,240,255,255,247,264,238,244,214,221,239,220,229,271,254,277,199,220,258,278,250,217,272,197,275,166,270,247,229,275,265,268,263,235,215,260,275,241,271,245,246,192,257,257,238,234,223,265,269,226,252,271,279,232,244,214,235,247,233,247,244,224,231,283,240,202,246,266,267,196,230,226,240,262,242,269,255,233,246,230,248,257,235,273,272,283,222,268,243,254,237,248,218,267,256,251,247,267,247,261,226,238,233,202,223,252,213,238,269,227,268,255,242,255,235,236,189,212,202,277,261,282,231,269,252,261,266,219,265,278,263,258,260,247,202,257,274,273,226,277,252,248,221,264,272,234,205,233,263,249,269,255,221,274,274,189,257,256,170,206,216,263,191,271,221,261,220,47688843000
244,245,272,263,236,258,248,238,261,268,242,265,221,237,267,285,207,273,229,270,263,270,263,233,223,277,264,214,244,258,185,232,254,261,263,255,258,277,274,267,239,273,213,246,208,257,211,266,243,267,210,249,279,277,235,277,239,270,230,257,279,266,272,248,243,243,266,244,267,210,233,272,274,201,276,279,207,278,251,173,269,251,225,274,258,251,277,266,228,277,272,254,210,266,166,261,247,261,176,231,228,270,246,253,259,266,222,244,265,255,193,276,253,259,260,263,258,258,270,268,230,239,258,230,237,264,236,272,228,212,282,273,252,256,241,255,255,247,268,239,244,222,221,245,223,229,271,256,279,199,221,259,278,251,225,272,197,275,171,270,254,230,276,265,268,264,235,215,260,275,241,272,248,246,192,257,257,238,234,223,265,269,226,252,271,279,232,244,229,236,247,233,248,248,224,246,283,240,202,250,266,267,196,230,227,242,262,246,273,265,233,246,230,248,257,235,274,272,283,222,268,244,254,237,248,218,269,256,251,247,267,247,262,226,238,241,202,223,252,213,238,269,227,268,256,242,256,235,236,190,212,202,278,261,282,231,269,252,261,266,219,265,278,263,258,260,247,202,257,274,275,228,277,252,248,221,264,272,234,205,233,272,249,269,255,222,274,274,190,257,256,171,207,216,263,191,273,222,262,220,48171056900
244,245,272,263,236,258,248,238,261,268,242,265,221,238,267,285,207,273,229,270,263,271,263,233,223,277,264,214,244,258,185,232,254,261,263,256,258,277,274,267,239,273,213,247,209,257,211,267,243,267,210,249,279,277,235,277,239,271,230,257,279,266,272,248,243,243,266,244,267,210,233,272,274,201,276,279,207,278,251,174,269,251,225,274,259,251,277,266,228,277,272,254,211,266,167,261,247,261,176,232,228,270,246,253,259,266,222,244,265,256,193,276,253,259,260,264,258,258,270,268,230,241,258,231,237,264,236,272,228,212,282,273,253,256,241,255,255,247,269,239,245,222,222,245,223,229,271,257,279,199,221,260,278,251,226,272,197,275,171,270,254,230,276,265,268,264,235,215,260,275,241,272,248,246,192,258,257,238,234,223,265,269,226,252,272,279,232,244,229,237,247,234,248,249,224,247,283,240,202,250,266,268,196,230,228,242,262,246,273,265,233,247,230,248,257,235,274,272,283,222,268,244,254,238,248,218,269,256,251,247,267,247,262,226,238,242,202,223,252,213,238,269,227,268,256,242,256,235,237,191,212,202,278,261,282,231,269,252,261,266,219,265,278,263,258,260,248,203,257,274,275,228,277,252,248,221,264,272,234,205,233,273,250,269,255,222,274,274,190,257,256,171,207,216,263,191,273,223,262,220,48257269200
248,245,276,266,249,264,248,239,261,282,254,267,254,264,270,285,229,277,248,278,269,279,273,264,243,287,268,214,259,261,214,253,263,265,265,271,260,279,281,274,257,279,217,262,218,258,211,270,257,268,227,251,284,279,238,280,251,285,235,259,279,269,275,251,268,251,271,261,267,228,244,276,277,213,284,284,217,278,263,200,272,275,242,274,259,275,280,278,246,279,272,266,215,266,201,270,252,264,188,244,231,273,264,254,261,281,223,257,266,262,197,281,256,259,271,273,266,263,274,268,250,258,261,232,254,272,254,275,241,225,285,277,259,274,244,265,274,261,269,249,270,236,240,257,224,248,274,275,279,204,236,269,281,258,232,285,202,277,178,272,262,239,278,267,273,265,237,236,271,282,244,287,267,255,212,260,259,246,262,255,281,273,246,257,272,286,236,262,254,246,260,234,250,272,247,258,283,242,225,253,269,278,216,272,233,260,262,263,279,266,237,252,252,261,267,248,278,277,285,224,277,252,254,271,258,241,277,264,274,263,271,255,262,226,252,252,220,245,255,223,244,277,252,272,268,248,277,259,255,202,221,218,280,286,285,260,279,252,278,277,243,273,280,263,262,264,262,218,261,276,276,244,283,254,251,233,269,274,239,222,256,278,255,275,260,223,277,281,194,259,261,172,217,246,277,207,282,234,266,238,53604774800
248,245,276,266,250,264,248,240,261,282,254,267,254,264,270,285,230,277,248,278,269,281,273,264,243,287,268,214,259,262,214,253,263,265,265,271,260,279,281,274,257,279,217,262,218,258,211,270,257,268,227,251,284,279,238,280,251,285,235,259,279,269,275,251,268,251,271,261,267,228,244,276,277,213,284,284,217,278,263,200,272,275,242,274,259,275,280,278,246,279,272,266,215,266,201,270,252,264,188,244,231,273,264,254,261,281,223,257,266,262,197,281,256,259,271,273,266,263,274,282,250,258,261,232,254,272,254,275,242,225,285,277,259,274,244,266,274,261,269,249,270,236,240,257,224,248,274,275,279,214,236,269,281,258,232,285,202,277,178,272,262,239,278,267,273,265,237,236,271,282,244,287,267,255,213,260,259,247,262,255,281,273,249,257,272,286,237,262,254,246,260,234,250,272,247,258,283,242,225,253,269,278,216,272,234,260,262,263,279,266,237,252,252,261,267,248,278,277,285,224,277,252,254,271,258,241,277,264,274,263,271,255,262,226,252,252,221,245,256,223,244,284,252,272,268,248,282,260,255,202,221,218,280,286,285,260,279,252,278,277,244,273,280,263,262,264,263,219,261,276,276,244,283,254,251,233,269,280,239,222,256,278,255,275,260,223,277,281,194,259,261,172,218,246,277,208,282,234,266,238,53759453600
260,245,281,270,254,264,248,240,261,282,254,267,254,270,275,285,230,277,248,278,269,281,273,264,266,290,272,214,259,265,214,269,267,265,265,271,260,279,281,282,258,279,217,262,219,267,212,278,257,268,228,251,284,283,249,280,259,286,260,261,279,274,275,257,272,257,271,272,272,228,244,276,277,213,285,284,229,283,263,210,272,277,242,274,266,275,284,283,246,279,272,266,215,266,226,270,258,264,188,245,239,273,264,254,261,283,223,257,266,274,197,281,256,259,274,273,267,263,285,285,250,258,261,232,254,272,254,275,242,238,285,281,272,274,244,266,274,262,269,253,270,236,248,257,224,248,274,284,279,228,236,275,281,258,233,285,215,277,178,272,262,247,278,268,284,265,254,259,271,283,244,290,267,255,213,271,264,247,262,270,281,273,262,257,274,286,238,262,254,246,260,248,258,272,247,258,285,242,233,254,269,280,216,272,235,261,263,265,279,266,248,252,257,271,268,250,278,277,285,227,277,252,254,280,268,259,277,268,274,264,272,255,262,231,252,252,225,245,256,237,244,284,254,272,268,248,285,260,255,212,235,219,280,287,286,261,279,253,282,277,244,277,280,263,267,269,265,227,278,277,276,252,283,254,251,234,277,281,255,222,256,278,257,280,260,223,277,283,200,260,261,173,218,246,279,208,282,243,266,238,54730958700
260,245,281,270,254,264,248,240,261,282,254,267,254,270,275,285,230,277,248,278,269,281,273,264,266,290,272,214,259,265,214,269,267,265,265,271,260,279,281,285,258,279,217,262,219,267,212,278,257,268,228,251,284,283,249,280,259,286,260,261,279,274,275,257,272,257,277,272,272,228,244,276,277,213,285,284,229,283,263,219,272,277,242,274,266,275,286,283,246,279,272,266,215,266,226,270,258,264,188,245,243,273,264,254,261,283,223,257,266,274,197,281,256,259,274,273,267,274,285,286,250,258,261,232,254,272,254,275,242,238,285,281,272,274,244,266,274,262,269,265,270,236,248,257,224,248,274,284,279,228,236,275,281,258,233,285,215,277,178,272,262,247,278,268,284,265,254,275,271,283,244,290,267,255,213,271,264,247,262,270,281,273,262,257,274,286,238,262,254,246,260,248,258,272,247,258,285,242,233,254,269,280,216,272,235,261,263,265,279,266,248,252,257,271,268,250,278,277,285,227,277,252,254,280,268,259,277,268,274,264,272,255,262,231,252,252,225,245,256,237,244,284,254,272,268,248,285,260,255,212,235,219,280,287,286,261,279,253,282,277,244,277,280,263,267,269,265,227,278,277,276,252,283,254,251,234,277,281,255,222,256,278,257,280,260,223,277,283,200,260,261,173,218,246,279,208,282,243,266,238,54899716200
260,245,281,270,254,264,248,240,261,282,254,267,254,270,275,285,230,277,248,278,269,281,273,266,266,290,272,214,259,265,214,269,267,265,265,271,260,279,281,288,258,279,217,262,219,267,212,278,257,268,228,251,284,283,249,280,259,286,260,261,279,274,275,257,272,257,279,272,272,228,244,276,277,213,285,284,229,283,263,236,272,277,242,274,266,275,287,283,246,279,272,266,215,266,226,270,258,264,188,245,254,273,264,254,261,283,223,257,266,274,197,281,256,259,274,273,267,281,285,287,250,258,261,232,254,272,254,275,242,238,285,281,272,274,244,266,274,262,269,270,270,236,248,257,224,248,274,284,279,228,236,275,281,258,233,285,215,277,178,272,262,247,278,268,284,265,254,275,271,283,244,290,267,255,213,271,264,247,262,270,281,273,262,257,274,287,238,262,254,246,260,248,258,272,247,258,285,259,233,254,269,280,217,272,235,261,263,265,280,266,248,252,257,271,268,250,278,277,285,227,277,252,254,280,268,259,277,268,274,264,272,255,262,231,252,252,225,245,256,237,244,284,254,272,268,248,285,260,255,212,235,219,284,287,286,261,279,253,282,277,244,277,280,263,267,269,265,227,278,277,276,252,283,254,251,234,277,281,255,222,256,278,257,280,260,223,277,283,200,260,261,173,218,246,279,208,282,243,266,238,55067392000
260,245,285,270,254,264,248,240,261,282,254,267,254,270,275,285,230,277,248,278,269,281,274,266,266,290,272,214,260,265,215,269,267,265,265,271,260,279,281,288,258,279,217,262,219,267,212,279,257,268,228,252,284,283,249,280,259,286,260,261,279,274,275,257,272,257,279,272,272,228,244,276,277,213,285,284,229,283,263,239,272,277,242,274,266,275,287,283,247,279,272,266,215,266,226,270,258,264,188,245,254,273,264,254,261,283,223,257,266,281,198,281,256,267,274,273,267,281,285,287,250,258,261,233,254,272,255,275,242,238,285,281,272,274,244,266,274,262,270,270,270,236,259,257,224,248,274,284,279,228,236,275,281,258,233,285,215,277,178,272,262,247,278,268,284,265,254,275,271,283,244,290,267,255,213,271,264,249,262,270,281,273,262,257,274,287,238,262,254,246,260,248,258,272,247,258,285,259,233,254,269,280,217,272,235,261,263,265,280,266,248,252,257,271,268,250,278,277,285,227,277,252,254,280,268,259,277,268,274,264,272,255,262,231,252,252,225,245,256,237,244,284,254,272,268,248,285,260,255,212,235,219,284,287,286,261,279,253,283,277,244,277,280,263,267,269,265,227,278,277,276,252,283,254,251,234,279,281,255,222,256,278,257,280,260,223,277,283,200,260,267,173,218,247,279,208,282,243,266,238,55169998200
264,259,285,270,257,266,259,248,267,284,255,267,264,277,275,285,230,277,248,278,269,281,274,266,266,293,272,214,260,265,223,271,267,268,272,273,262,279,283,290,259,279,227,264,234,267,230,279,264,268,231,263,287,283,249,280,269,288,260,261,279,275,281,281,272,261,279,272,279,247,244,276,277,213,285,286,234,283,265,263,272,285,242,280,266,281,288,283,274,279,273,266,215,270,226,272,261,271,201,248,254,273,264,264,264,283,223,265,271,286,204,281,257,267,274,274,275,285,285,287,255,272,261,233,264,275,260,280,246,239,285,281,272,277,248,270,274,262,274,275,272,239,269,259,224,261,277,285,285,232,239,275,281,264,233,289,215,282,186,272,266,254,278,268,285,265,261,275,276,284,250,290,270,265,216,271,268,261,263,270,283,276,262,257,275,289,262,265,257,252,264,248,259,273,249,258,286,262,233,254,271,280,230,274,237,271,272,265,280,284,249,274,257,271,273,250,280,280,285,233,277,275,254,280,268,265,282,270,279,264,272,269,262,232,252,252,225,245,268,238,244,285,258,274,273,253,285,266,265,214,235,219,284,287,288,262,280,253,284,277,249,279,280,263,271,269,265,227,278,277,276,252,283,265,261,247,283,281,260,222,257,278,258,285,265,229,279,283,202,260,270,173,234,258,279,208,287,251,268,238,56607598500
264,259,285,270,257,267,259,248,267,284,255,267,264,277,275,285,230,277,251,278,269,281,274,266,266,293,272,214,260,265,223,271,269,268,272,274,262,279,283,290,259,279,227,264,234,267,230,279,264,268,232,263,287,283,249,280,269,288,260,261,279,275,281,281,272,261,279,272,279,247,244,276,277,213,285,286,234,283,265,263,272,285,242,280,266,281,288,283,274,279,273,266,215,270,226,272,262,271,201,248,254,273,264,264,264,284,223,265,271,286,204,281,257,267,275,274,275,285,285,287,255,272,261,234,264,275,260,280,246,239,285,281,272,277,249,270,274,263,274,275,272,240,269,260,224,262,277,285,285,232,239,275,281,264,233,289,215,282,187,273,266,254,278,268,285,265,261,275,276,284,250,290,270,265,216,272,268,261,263,270,283,276,264,257,275,289,263,265,257,252,264,248,259,273,249,258,287,262,233,254,271,280,230,274,237,271,272,265,280,284,249,274,257,271,273,251,280,280,285,233,277,275,254,280,268,265,282,270,279,264,272,269,262,232,252,252,225,245,268,238,248,285,258,274,274,253,285,266,266,214,235,219,284,288,288,262,280,253,284,279,249,279,280,263,272,270,265,227,278,279,276,253,283,265,261,247,283,281,260,222,258,278,258,285,265,229,279,283,202,260,270,173,234,258,279,208,287,251,268,238,56687970800
264,259,285,270,257,267,259,248,267,284,255,267,264,277,275,285,230,277,263,278,269,281,274,266,266,293,272,214,260,265,223,271,278,268,272,274,262,279,283,290,259,279,227,264,234,267,230,279,264,268,232,263,287,283,249,280,269,288,260,261,279,275,281,281,272,261,279,272,279,247,244,276,277,213,285,286,234,283,265,263,272,285,242,280,266,281,288,283,274,279,273,266,215,270,226,272,262,271,201,248,254,273,264,264,264,284,223,265,271,286,204,281,257,267,275,274,275,285,285,287,255,272,261,234,264,275,260,280,246,239,285,281,272,277,249,270,274,263,274,275,272,240,269,260,224,262,277,285,285,232,239,275,281,264,233,289,215,282,187,273,266,254,278,268,285,265,261,275,276,284,250,290,270,265,216,272,268,261,263,270,283,276,272,257,275,289,263,265,257,252,264,248,259,273,249,258,290,262,233,254,271,280,230,274,237,271,272,265,280,284,249,274,257,271,273,251,280,280,285,233,277,275,254,280,268,265,282,270,279,264,272,269,262,233,252,252,225,245,268,238,252,285,258,274,274,253,285,266,266,214,235,219,284,288,288,262,280,253,284,282,249,279,280,263,272,270,265,227,278,279,276,253,283,265,261,247,283,281,260,222,258,278,258,285,265,229,279,283,203,263,270,173,234,258,279,208,287,251,268,238,56788806300
264,263,285,275,264,267,265,254,267,284,255,270,264,278,276,286,244,287,266,281,270,282,280,267,266,293,272,244,263,265,224,273,278,268,272,274,262,280,287,290,263,279,227,267,234,272,250,279,264,275,232,263,287,283,252,280,269,290,260,261,279,275,286,281,274,262,279,276,279,250,244,280,282,218,288,286,239,283,270,265,272,285,242,280,272,284,288,283,274,279,273,266,215,271,226,280,265,274,201,257,259,274,264,270,264,284,227,265,282,286,209,281,258,268,279,285,275,292,285,289,255,274,263,250,264,279,260,287,247,239,285,281,275,277,263,270,274,265,282,275,277,240,269,260,224,262,277,285,285,238,240,275,281,264,234,289,225,282,198,273,267,254,278,268,285,265,264,275,288,288,250,290,270,266,218,278,278,261,263,274,283,276,272,262,275,289,263,265,257,252,264,261,264,273,251,262,290,268,233,254,271,285,238,274,245,271,272,265,281,284,249,274,275,271,280,251,282,282,288,236,277,275,254,280,270,265,282,270,279,264,273,270,268,245,254,252,225,246,280,247,252,285,268,274,274,259,286,266,266,215,241,225,284,288,288,276,280,267,284,282,249,283,284,268,272,276,267,227,278,279,276,257,283,265,262,250,284,281,267,227,258,278,259,285,270,231,286,283,206,265,272,196,239,262,282,209,287,253,268,238,58029020700
264,263,285,275,264,267,265,254,267,284,255,270,264,278,276,286,244,287,266,281,270,282,280,267,266,293,272,244,263,265,224,273,278,268,272,274,262,280,287,290,263,279,227,267,234,272,250,279,264,275,232,263,287,283,252,280,269,290,260,261,279,275,286,281,274,262,279,276,279,250,244,280,282,218,288,286,239,283,270,265,272,285,242,280,272,284,288,283,274,279,273,266,215,271,226,280,265,274,201,257,259,274,264,270,264,284,227,265,282,286,209,281,258,268,279,285,275,292,285,289,255,274,263,250,264,279,260,287,247,239,285,281,275,277,263,270,274,265,282,275,277,242,269,260,224,262,277,285,285,238,240,275,281,264,234,289,225,282,198,273,267,254,278,268,285,265,264,275,288,288,250,290,270,266,218,278,278,261,263,274,283,276,272,262,275,289,263,265,257,252,264,261,264,273,251,262,290,268,233,254,271,285,238,274,245,271,272,265,281,284,249,274,275,271,281,251,282,282,288,240,277,275,254,280,270,265,282,270,279,264,273,270,268,245,254,252,225,246,280,247,252,285,268,274,274,259,286,266,266,215,241,225,284,288,288,276,280,267,284,282,249,283,284,268,272,276,267,227,278,279,276,257,283,265,262,250,284,281,267,227,258,278,259,285,270,231,286,283,206,265,272,196,239,262,282,209,287,253,268,238,58107977300
264,263,285,275,264,267,265,255,267,284,255,270,264,278,276,286,244,287,266,281,270,282,280,267,266,293,272,244,263,265,224,273,278,268,272,274,262,280,287,291,263,279,227,267,234,272,250,279,264,275,232,263,287,283,252,280,269,291,260,261,279,275,286,281,274,262,279,276,279,250,244,280,282,218,288,286,239,283,270,265,272,285,242,280,272,284,288,283,274,279,273,266,215,271,226,280,265,274,201,257,259,274,264,270,264,284,227,265,282,286,209,281,259,268,279,285,275,292,285,289,255,274,263,251,264,279,260,287,247,239,285,281,275,277,263,270,274,265,282,275,278,246,269,260,224,262,278,285,285,238,240,275,281,264,234,289,225,282,198,273,268,254,278,269,285,265,264,275,288,288,250,290,270,266,218,278,278,261,263,274,283,276,272,262,275,289,264,265,257,252,264,261,264,273,251,262,290,268,233,254,271,285,238,274,245,271,272,265,282,284,249,274,276,271,281,251,282,282,288,240,277,275,254,280,270,265,282,270,279,265,273,270,268,245,254,252,225,247,280,247,252,285,269,277,275,259,286,266,266,215,241,226,284,288,288,276,280,267,284,282,249,283,284,268,272,276,267,227,278,279,276,257,283,265,262,250,284,281,267,227,258,278,259,285,270,231,286,283,206,265,272,196,240,262,282,209,287,254,268,238,58177726100
264,263,285,275,264,267,265,255,267,284,255,270,264,278,276,286,244,287,266,281,270,282,280,267,266,293,272,244,263,265,224,273,278,268,272,274,262,280,287,291,263,279,227,268,234,272,250,279,264,275,232,263,287,283,252,280,269,291,260,261,279,275,286,281,274,262,279,276,279,250,244,280,282,218,288,286,239,283,270,265,272,285,242,280,272,284,288,283,274,279,273,266,215,271,226,280,266,274,201,257,259,274,264,270,264,284,227,265,282,286,209,281,261,268,280,285,275,292,285,289,255,274,263,251,264,279,260,287,247,239,285,281,275,277,263,270,274,265,282,275,278,246,269,260,224,262,278,285,285,238,240,275,283,264,234,289,225,283,198,273,268,254,278,269,285,265,264,275,288,288,250,290,270,266,228,278,278,261,263,274,283,276,272,262,275,289,264,265,257,252,264,261,264,273,251,262,290,268,233,254,271,285,238,274,245,271,272,265,282,284,249,274,276,271,281,251,282,282,288,240,277,275,254,280,270,265,282,270,279,265,273,270,268,245,255,252,225,247,280,247,252,285,269,277,275,259,286,266,266,215,241,226,284,288,288,276,280,267,284,282,249,283,284,268,272,276,267,227,278,279,276,257,283,265,262,250,284,281,267,227,258,278,262,285,270,231,286,283,206,266,272,196,240,262,282,209,287,254,269,238,58399553100
264,263,285,275,264,267,265,255,267,284,255,270,264,278,276,286,244,287,266,281,270,282,280,267,266,293,272,245,263,266,225,273,278,268,272,274,262,280,287,291,263,279,227,268,234,272,250,281,264,276,232,263,287,283,252,280,269,291,261,261,280,275,286,281,274,262,279,276,279,250,244,280,282,219,288,286,240,283,271,265,272,285,242,280,272,284,288,283,274,279,273,266,216,271,226,280,266,274,202,258,259,274,264,270,265,284,227,266,282,286,209,281,263,268,280,285,275,292,285,289,255,274,263,251,264,279,260,287,247,239,285,281,275,277,263,271,274,265,282,276,278,246,269,260,224,262,278,285,285,239,240,275,283,264,235,289,228,283,198,273,268,254,278,273,285,265,265,275,288,288,250,290,270,266,228,278,278,261,264,274,283,276,272,262,275,289,264,265,257,252,264,261,265,273,251,262,291,269,233,254,271,285,239,274,245,271,272,265,282,284,249,274,276,271,281,252,283,282,288,240,277,275,254,280,270,265,282,270,280,265,273,270,268,245,256,252,226,247,280,249,252,285,269,277,275,259,286,266,266,215,241,228,284,288,288,276,280,267,284,282,249,283,284,268,272,276,267,227,278,279,276,257,283,265,262,250,284,281,267,227,258,278,262,285,270,231,287,283,206,271,272,196,240,262,282,210,287,254,269,238,59191476300
264,263,285,275,264,267,265,257,267,284,255,270,264,278,276,286,244,287,266,283,270,282,280,268,266,293,272,245,263,266,225,273,278,268,272,274,262,280,287,291,263,279,227,268,234,278,254,282,264,276,232,263,287,283,252,280,269,291,261,261,280,275,286,281,274,262,279,276,279,250,244,280,282,222,288,286,240,283,271,266,272,285,242,280,272,284,288,283,274,281,273,266,216,271,227,280,266,274,202,266,259,274,264,271,265,284,227,266,282,286,209,281,263,269,280,285,275,292,285,289,255,274,263,251,264,279,260,287,248,239,285,281,280,277,263,271,274,265,282,276,278,246,269,260,224,262,278,285,285,239,240,275,283,264,235,289,228,283,199,273,268,254,278,274,285,265,265,275,288,288,250,290,270,266,228,278,278,261,264,274,283,276,272,271,276,289,264,265,257,252,264,261,265,273,251,262,291,269,233,254,271,285,239,274,245,271,272,265,282,284,249,274,276,271,281,252,283,282,289,240,277,275,254,282,270,265,283,270,280,265,273,270,268,245,256,252,226,247,280,249,252,285,269,277,275,259,286,266,266,215,241,233,284,288,288,276,280,267,284,282,249,283,285,268,272,276,269,227,278,279,276,257,283,265,262,250,284,281,267,227,258,278,262,285,270,236,287,283,206,271,275,196,240,262,282,210,287,256,269,238,59577379200
264,263,285,275,264,267,265,257,267,284,255,270,264,278,276,287,244,287,266,283,270,282,284,269,266,293,272,245,263,266,225,273,278,268,272,274,262,280,287,291,263,279,227,269,234,278,254,282,264,276,232,263,287,283,252,280,269,291,261,261,280,275,286,281,276,262,279,276,279,251,244,280,282,222,288,286,240,283,271,266,272,285,242,280,272,284,288,283,274,281,273,266,216,271,227,280,266,274,202,267,259,274,264,271,266,284,227,266,282,286,209,281,263,270,281,285,275,292,285,289,255,274,263,251,264,279,260,287,249,239,285,281,280,277,263,271,274,265,285,276,278,246,269,260,225,262,279,285,285,249,240,275,283,264,235,289,234,283,199,273,268,254,278,277,285,265,265,275,288,288,250,290,270,266,228,278,279,261,264,274,283,276,272,271,276,289,264,265,257,252,264,262,265,273,251,262,291,269,233,254,271,285,239,274,245,271,272,265,282,284,249,274,276,271,281,252,283,282,289,240,277,275,254,282,270,265,283,270,280,265,273,270,268,245,256,252,226,247,280,249,253,285,269,277,275,259,286,266,266,215,242,236,289,288,288,276,280,267,284,282,249,283,285,268,272,276,269,227,278,279,276,257,283,265,262,250,284,281,267,227,258,278,262,285,270,239,287,283,207,271,275,203,240,262,282,210,287,257,269,238,59771429500
264,263,285,275,264,267,265,257,267,284,255,271,264,278,276,287,244,287,266,283,270,282,284,269,266,293,272,251,263,266,225,273,278,268,272,274,262,280,287,291,263,279,227,269,234,278,254,282,264,276,232,263,287,283,252,280,269,291,270,261,280,275,286,281,276,262,279,276,279,251,244,280,282,222,288,286,240,283,271,266,272,285,242,280,272,284,288,283,274,281,273,266,216,271,227,280,266,277,202,267,259,274,264,271,266,284,227,266,282,286,209,281,263,270,281,285,275,292,285,289,255,274,263,251,264,279,260,287,249,239,285,281,280,277,263,271,274,271,285,276,278,246,269,260,225,262,283,285,285,249,240,275,283,264,235,289,235,283,199,273,268,254,278,280,285,265,265,275,288,288,250,290,270,268,228,278,286,261,264,274,283,276,272,271,276,289,264,265,257,252,264,262,265,273,251,262,291,269,233,254,271,285,239,274,245,271,272,265,282,284,249,274,276,271,281,257,283,282,289,240,277,275,254,282,270,265,283,270,280,265,273,270,268,245,256,252,226,247,280,249,253,285,269,277,275,259,286,266,266,215,249,236,289,288,288,276,280,267,284,282,249,283,285,268,272,276,269,227,278,279,276,257,283,265,262,250,284,281,267,227,258,278,262,285,270,244,287,283,207,271,275,203,240,262,282,210,287,257,269,238,60057205800
264,263,285,275,264,267,265,257,267,284,255,272,264,278,276,287,244,287,266,283,270,282,284,269,266,293,272,251,264,266,225,273,278,268,272,274,262,280,287,291,263,279,227,269,234,278,254,282,264,276,232,263,287,283,252,280,269,291,273,261,280,275,286,281,276,262,279,276,279,251,244,280,282,222,288,286,240,283,271,266,272,285,242,280,272,284,288,283,274,281,273,266,216,271,227,280,266,277,202,267,259,274,264,271,266,284,227,266,282,286,209,281,263,270,281,285,275,292,285,289,255,274,263,251,264,279,260,287,249,239,285,281,280,277,263,271,274,277,285,276,278,246,269,260,225,262,283,285,285,249,240,275,283,264,235,289,235,283,200,273,268,254,278,280,285,265,265,275,288,288,250,290,270,268,228,278,286,261,264,274,283,276,272,271,276,289,264,265,257,252,265,262,265,273,251,262,291,269,233,254,272,285,249,274,245,271,272,265,283,284,249,274,276,271,281,257,283,282,289,240,277,275,254,282,270,265,283,270,280,265,273,271,268,245,256,252,226,247,280,249,253,285,269,277,275,259,286,266,266,215,249,236,289,288,288,276,280,267,284,282,249,283,285,268,272,276,269,227,278,279,276,257,283,265,262,250,284,281,267,227,258,278,262,285,270,244,287,283,207,271,275,203,240,262,282,210,287,257,269,238,60243774400
264,264,285,275,264,267,265,257,267,284,255,272,264,278,276,287,244,287,266,283,270,282,284,269,266,293,272,252,264,266,226,273,278,268,272,274,262,280,287,291,263,279,227,269,234,278,254,282,264,276,232,264,287,283,252,280,269,291,274,263,280,275,286,281,276,262,279,276,279,251,244,280,282,222,288,286,240,283,271,266,272,285,242,280,272,286,288,283,274,281,273,266,216,271,227,280,266,277,203,267,267,274,264,271,266,284,228,266,282,286,209,281,263,270,281,285,275,292,285,289,255,274,263,251,264,279,260,287,249,239,285,281,280,277,263,271,274,277,285,276,278,246,269,260,225,262,283,285,285,249,243,275,283,264,235,289,235,283,200,273,268,255,278,280,285,265,265,275,288,288,250,290,270,268,228,278,286,261,264,274,283,276,272,271,276,289,264,265,257,252,265,262,265,273,251,262,291,269,233,254,272,285,249,274,245,271,272,266,283,284,249,274,276,271,281,257,283,282,289,240,277,275,254,282,270,265,283,270,280,265,273,271,268,245,256,252,228,247,280,249,253,285,269,277,275,259,286,266,266,215,249,236,289,288,288,276,280,267,284,282,249,283,285,268,272,276,269,227,278,279,276,257,283,265,262,250,284,281,268,227,258,279,262,285,270,244,287,283,207,271,275,203,240,262,282,210,287,257,269,238,60293402000
264,264,285,275,264,267,265,257,267,284,255,272,264,278,276,287,244,287,266,283,270,282,284,269,266,293,272,252,264,266,226,273,278,268,272,274,262,280,287,291,263,279,227,269,234,278,254,282,264,276,232,264,287,283,252,280,269,291,274,263,280,275,286,281,276,262,279,276,279,251,244,280,282,222,288,286,240,283,271,266,272,285,242,280,272,286,288,283,274,281,273,266,216,271,227,280,266,277,203,267,267,274,264,271,266,284,228,266,282,286,209,281,263,270,281,285,275,292,285,289,255,274,263,251,264,279,260,287,249,239,285,281,280,277,263,271,274,277,285,276,278,246,269,260,225,262,283,285,285,249,245,275,283,264,235,289,235,283,200,273,268,255,278,280,285,265,265,275,288,288,250,290,270,268,228,278,286,261,264,274,283,276,272,271,276,289,264,265,257,252,265,262,265,273,251,262,291,269,233,254,272,285,249,274,245,271,272,266,283,284,249,274,276,271,281,257,283,282,289,240,277,275,254,282,270,265,283,270,280,265,273,271,268,245,256,252,228,247,280,249,253,285,269,277,275,259,286,266,266,215,249,236,289,288,288,276,280,267,284,282,249,283,285,268,272,276,269,227,278,279,276,257,283,265,262,250,284,281,268,227,258,279,262,285,270,244,287,283,207,271,275,203,240,262,282,210,287,257,269,238,60307262000
264,264,285,281,264,267,265,257,267,284,255,272,266,278,276,287,244,287,273,283,270,284,284,269,266,293,272,252,264,266,227,273,278,274,272,274,262,280,287,291,263,279,231,269,234,278,254,282,264,276,232,264,287,283,252,283,269,291,274,263,280,275,286,281,276,262,279,279,279,251,244,280,283,222,288,286,240,283,271,266,272,285,242,280,272,286,288,283,274,281,273,266,219,271,227,280,266,280,203,267,268,276,264,271,266,284,228,266,282,286,209,281,263,270,281,285,275,292,285,289,255,274,263,252,264,279,264,287,249,239,287,281,280,277,263,271,274,277,285,276,278,246,269,260,225,262,283,285,285,249,251,275,283,264,238,289,235,283,200,273,268,255,278,280,285,265,265,275,288,288,258,290,270,268,228,278,286,261,264,274,283,276,272,271,276,289,264,265,257,252,265,262,265,273,251,262,291,269,233,254,272,285,249,274,249,271,272,266,283,284,249,274,276,271,281,257,283,282,289,240,277,275,254,282,273,265,283,270,280,265,273,271,268,245,256,252,237,247,280,249,253,285,269,277,275,259,286,266,266,233,249,236,289,288,288,278,280,267,284,282,249,283,285,268,272,276,269,227,280,279,276,257,286,265,265,250,284,281,268,227,258,279,262,287,270,244,287,283,207,274,275,203,240,262,282,210,287,257,270,238,60777530600
